360	254	150	131	0	
360	248	151	136	0	
360	252	150	112	0	
360	242	152	135	0	
377	360	266	152	132	0	
360	251	152	130	0	
360	256	150	137	0	
360	251	150	126	0	
361	359	261	152	135	0	
360	249	152	136	0	
360	248	152	135	0	
360	252	150	123	0	
360	261	152	135	0	
360	244	150	125	0	
360	241	150	99	0	
421	360	253	150	129	0	
360	239	150	130	0	
360	246	152	137	0	
360	247	150	118	0	
361	359	253	150	132	0	
360	247	150	128	0	
360	246	152	137	0	
360	256	150	137	0	
360	244	150	132	0	
360	255	152	136	0	
360	244	150	129	0	
360	248	150	118	0	
360	253	150	109	0	
412	360	243	150	128	0	
360	240	152	135	0	
360	251	150	125	0	
360	247	150	92	0	
360	242	150	131	0	
360	260	150	136	0	
362	359	255	150	126	0	
360	245	150	109	0	
370	360	244	150	128	0	
360	244	152	150	132	0	
360	243	152	134	0	
360	255	150	128	0	
419	360	257	150	129	0	
360	248	150	117	0	
422	360	247	150	134	74	0	
360	246	150	115	0	
368	360	256	150	95	0	
360	258	150	133	0	
360	247	150	130	0	
360	242	150	101	0	
360	254	150	126	0	
360	237	150	110	0	
499	413	360	258	150	128	0	
360	252	152	130	0	
360	244	150	111	0	
360	248	150	116	0	
360	255	150	130	0	
386	360	255	150	125	0	
360	256	152	136	0	
361	359	255	152	135	0	
360	247	150	125	0	
360	260	150	116	0	
360	256	150	124	0	
360	241	152	136	0	
360	252	152	135	0	
360	250	151	149	128	0	
360	253	150	120	0	
360	244	152	135	0	
360	245	150	128	0	
360	258	150	129	0	
360	239	153	131	0	
360	247	151	142	119	0	
363	356	255	150	137	0	
360	245	150	124	0	
360	254	152	135	0	
360	257	150	129	0	
360	244	154	129	0	
411	360	247	152	135	0	
360	245	151	136	0	
360	248	150	122	0	
360	244	150	131	0	
360	252	150	118	0	
360	242	153	134	0	
360	252	150	103	0	
360	237	150	112	0	
360	248	150	118	0	
360	246	152	133	0	
360	246	152	135	0	
360	246	245	153	134	0	
360	244	150	128	0	
360	242	150	128	0	
360	251	150	105	0	
360	257	150	133	0	
377	360	245	150	116	0	
360	250	152	136	0	
360	243	153	135	0	
360	254	153	136	0	
373	360	251	150	117	0	
407	360	261	150	131	0	
383	361	359	248	152	135	0	
360	249	150	100	0	
360	261	150	126	0	
360	243	150	123	0	
360	246	150	119	0	
360	247	152	131	0	
360	250	150	130	0	
413	360	238	152	135	0	
360	248	152	137	0	
360	250	150	127	0	
366	360	258	152	136	0	
360	247	150	116	0	
360	251	152	135	0	
360	251	151	132	0	
360	244	150	104	0	
364	361	359	242	152	129	0	
394	360	238	151	135	0	
360	248	150	123	0	
360	260	150	127	0	
361	359	250	150	109	0	
360	252	150	112	0	
360	249	150	97	0	
387	360	241	152	134	0	
360	265	150	142	135	0	
360	238	236	150	104	0	
360	247	150	128	0	
360	246	152	146	115	0	
360	248	150	114	0	
360	254	152	136	0	
360	250	152	136	0	
360	245	150	114	0	
360	245	150	115	0	
360	246	152	137	1	0	
383	360	253	150	123	0	
362	359	250	153	135	0	
360	258	153	136	0	
360	250	150	129	0	
360	243	150	111	0	
360	242	150	105	0	
360	259	150	74	0	
420	360	247	150	126	0	
362	358	242	150	130	0	
360	253	150	114	0	
410	360	246	150	118	0	
363	358	246	150	138	0	
360	246	150	75	0	
363	359	247	150	0	
360	246	150	111	0	
360	244	152	135	0	
360	246	150	128	0	
394	360	237	150	115	0	
360	247	150	133	0	
360	252	150	131	0	
362	358	256	152	136	0	
414	360	255	150	104	0	
389	360	237	153	137	0	
360	248	150	132	0	
360	262	150	101	0	
360	251	150	131	0	
400	360	241	153	134	0	
360	245	150	132	0	
388	360	246	152	136	0	
360	248	150	117	0	
360	250	150	126	0	
382	360	236	235	150	122	0	
362	359	245	150	123	0	
360	247	150	127	0	
360	243	152	137	0	
360	255	154	129	0	
427	360	257	150	138	0	
360	252	153	136	0	
360	255	150	125	0	
360	249	150	129	0	
360	252	151	136	0	
360	246	150	133	0	
360	252	150	129	0	
360	259	150	119	0	
377	360	249	150	125	0	
360	246	152	135	0	
360	259	150	124	0	
360	240	150	132	0	
360	254	152	133	0	
377	360	251	150	112	0	
360	246	150	131	0	
360	250	150	112	0	
360	256	152	135	0	
360	253	150	136	0	
360	248	151	137	0	
360	255	150	130	0	
360	243	151	136	0	
360	242	150	112	0	
360	255	152	136	0	
360	250	150	145	109	0	
368	360	254	153	133	0	
360	251	150	129	0	
360	256	152	137	0	
360	358	243	150	110	0	
366	360	248	150	135	0	
360	249	151	136	0	
362	358	263	150	129	1	0	
360	235	150	106	0	
360	246	150	130	0	
382	360	239	152	136	0	
360	250	150	120	0	
360	252	150	133	0	
360	243	152	132	0	
363	350	250	150	108	0	
370	360	253	150	134	0	
360	238	150	130	0	
360	248	150	131	0	
360	263	150	126	0	
360	260	152	143	131	0	
360	245	150	136	0	
360	253	152	136	0	
360	255	150	130	0	
360	241	150	128	0	
381	361	359	252	150	132	0	
360	251	150	108	0	
360	239	150	148	135	0	
360	259	150	133	0	
360	251	154	130	0	
360	240	150	96	0	
360	237	150	127	0	
360	258	150	132	0	
360	253	150	128	0	
381	360	252	150	130	0	
360	245	152	135	0	
366	360	248	150	118	0	
360	250	150	128	0	
360	253	150	99	0	
421	360	241	150	132	0	
378	360	236	152	136	0	
360	256	152	136	0	
360	247	153	135	0	
363	352	244	150	99	0	
360	254	150	130	0	
360	260	150	130	0	
360	254	152	138	0	
382	360	256	150	127	0	
360	248	150	136	0	
384	360	246	151	133	0	
360	251	150	123	0	
424	360	239	150	136	0	
360	241	154	132	0	
360	249	150	88	0	
360	242	150	103	0	
360	251	150	131	0	
361	359	261	150	100	0	
360	252	150	134	0	
360	245	150	119	0	
360	255	150	114	0	
360	258	155	130	0	
380	360	257	150	129	0	
360	247	150	125	0	
377	360	253	150	117	0	
360	256	150	117	0	
455	360	245	150	131	0	
360	239	152	136	0	
360	239	150	120	0	
360	263	150	126	0	
360	254	150	103	0	
377	360	258	153	136	0	
360	262	150	130	0	
360	253	150	118	0	
360	254	154	135	0	
367	360	257	150	129	0	
360	263	153	136	0	
360	248	150	77	0	
360	240	152	136	0	
360	250	151	149	131	0	
495	360	246	150	122	0	
360	246	153	136	0	
360	247	150	114	0	
360	251	150	126	0	
360	245	150	126	0	
360	280	264	150	138	0	
360	251	152	135	0	
360	241	150	126	0	
360	242	150	125	0	
360	254	152	129	0	
360	252	151	147	136	0	
360	255	152	137	0	
369	360	251	150	129	0	
360	245	152	136	0	
360	237	150	114	0	
360	246	150	114	0	
360	249	150	130	0	
360	245	150	130	0	
407	360	243	153	135	0	
360	246	150	132	0	
360	252	153	128	0	
360	254	150	131	0	
379	360	251	153	147	134	0	
360	252	150	107	0	
360	246	153	134	0	
374	360	250	150	130	0	
360	250	151	137	0	
367	360	250	150	110	0	
360	241	152	136	0	
360	251	150	119	0	
360	243	150	130	0	
360	258	150	138	0	
360	244	150	133	0	
422	360	252	150	106	0	
360	247	153	135	0	
360	249	150	103	0	
360	259	150	129	0	
360	258	150	130	0	
365	360	251	150	129	0	
360	253	153	132	0	
360	246	152	136	0	
360	251	150	132	0	
361	359	246	150	129	0	
360	253	152	135	0	
360	260	150	136	0	
360	246	152	136	0	
360	252	150	126	0	
360	245	150	123	0	
360	249	150	139	62	0	
360	252	152	135	0	
360	241	223	150	129	0	
360	248	150	129	0	
360	251	153	138	0	
360	261	150	100	0	
360	237	151	136	0	
360	241	150	131	0	
360	253	152	130	0	
360	256	150	130	0	
360	246	150	127	0	
370	360	252	150	119	0	
360	252	152	131	0	
360	243	150	0	
360	242	152	135	0	
360	247	150	129	0	
360	258	150	129	0	
360	243	153	134	0	
360	247	150	136	0	
360	242	150	130	0	
368	360	254	150	119	0	
389	360	252	150	121	0	
360	245	244	150	129	0	
360	254	150	100	0	
360	249	152	137	0	
429	360	245	150	130	0	
385	360	240	150	111	0	
428	360	250	150	129	0	
360	243	150	117	0	
386	360	250	150	133	0	
360	255	153	136	0	
363	360	238	150	121	0	
360	258	150	112	0	
360	237	150	132	0	
360	253	151	132	0	
421	360	243	150	126	0	
360	267	150	101	0	
360	252	152	137	0	
360	257	152	136	0	
360	239	150	131	0	
363	358	249	150	103	0	
360	245	150	125	0	
360	259	153	134	0	
360	251	151	136	0	
360	241	152	137	0	
360	243	153	131	0	
360	260	153	136	0	
360	247	150	126	0	
360	251	150	99	0	
361	359	234	150	113	0	
404	360	252	153	136	0	
382	360	248	150	119	0	
360	250	153	147	132	0	
362	358	250	150	127	0	
360	244	150	112	0	
360	245	152	135	0	
411	360	246	150	133	0	
361	359	254	150	120	0	
360	237	150	117	0	
401	360	256	150	126	0	
425	360	250	152	136	0	
392	360	250	150	102	0	
360	253	150	109	0	
360	246	150	129	0	
360	242	150	106	0	
418	360	245	150	104	0	
373	360	253	152	131	0	
360	247	150	128	0	
360	248	150	129	0	
360	258	150	129	0	
360	243	150	114	0	
360	247	150	126	0	
360	259	151	147	129	0	
360	261	150	105	0	
360	248	150	109	0	
360	265	150	136	0	
360	258	150	128	0	
360	253	150	124	0	
360	255	150	127	0	
360	250	150	129	0	
373	360	248	150	138	136	0	
420	360	252	150	113	0	
360	252	150	114	0	
360	256	150	126	0	
360	241	150	108	0	
360	245	150	130	0	
382	360	252	151	150	134	0	
360	245	152	131	0	
360	244	150	125	0	
360	237	150	124	0	
400	360	241	150	132	0	
360	253	150	134	0	
360	245	150	134	0	
360	245	150	112	0	
499	360	249	152	135	0	
360	249	152	131	0	
360	250	152	136	0	
360	237	150	134	0	
363	357	243	150	128	0	
360	244	150	136	0	
360	245	150	128	0	
391	360	253	153	133	0	
360	241	150	135	0	
379	360	251	150	128	0	
360	243	150	128	0	
404	360	241	150	131	0	
360	253	150	128	0	
360	256	150	128	0	
360	254	152	135	0	
360	240	235	152	134	0	
378	360	245	150	78	0	
360	260	150	135	0	
396	360	254	150	131	0	
360	257	150	123	0	
421	361	359	242	152	136	0	
360	249	152	136	0	
360	251	150	131	0	
372	360	244	150	131	0	
379	360	252	150	128	0	
360	248	152	136	0	
360	254	152	139	0	
360	246	150	134	0	
360	254	150	131	0	
381	360	240	150	134	0	
360	252	150	95	0	
360	243	152	136	0	
360	247	150	134	0	
360	238	230	152	132	0	
406	360	253	150	113	0	
360	255	150	129	0	
360	260	150	121	0	
360	248	150	118	0	
406	360	249	150	113	0	
371	360	243	150	122	0	
360	253	150	101	0	
363	358	251	150	112	0	
360	255	150	134	0	
360	248	150	113	0	
360	252	153	130	0	
374	360	254	150	130	0	
360	249	150	123	0	
360	245	150	135	0	
360	248	152	138	0	
390	374	360	256	150	129	0	
360	246	150	133	0	
362	358	247	150	116	0	
382	360	243	153	135	0	
409	360	255	150	119	0	
360	244	153	134	0	
360	244	152	135	0	
360	250	150	123	0	
419	360	245	150	129	0	
360	250	150	113	0	
360	253	150	129	0	
360	247	150	108	0	
360	237	150	111	0	
360	246	152	135	0	
362	359	252	150	115	0	
360	249	152	136	0	
360	251	150	119	0	
360	245	150	130	0	
362	359	250	152	136	0	
360	250	152	136	0	
360	250	150	133	0	
436	360	250	150	87	0	
361	359	249	150	130	0	
417	360	248	152	136	0	
370	360	247	150	115	0	
404	360	250	150	142	125	0	
360	245	150	123	0	
360	249	152	138	22	0	
360	251	150	129	0	
389	360	237	150	130	0	
362	358	255	153	135	0	
360	250	150	129	0	
360	245	150	112	0	
360	359	253	150	128	0	
360	246	152	136	0	
360	254	152	129	0	
360	250	150	129	0	
360	245	150	131	0	
380	360	252	151	142	125	0	
412	360	242	240	152	136	0	
372	360	240	150	128	0	
360	236	150	131	0	
360	257	151	136	0	
360	250	150	127	0	
363	358	255	150	94	0	
360	237	152	134	0	
362	359	247	150	125	0	
360	253	150	125	0	
360	257	152	136	0	
360	255	150	128	0	
360	261	150	125	0	
362	359	249	152	136	0	
360	248	150	73	0	
360	259	153	129	0	
360	249	150	130	0	
360	241	150	127	0	
371	360	242	150	127	0	
360	258	150	74	0	
412	360	250	152	137	0	
360	256	150	130	0	
390	360	252	150	129	0	
360	236	150	100	0	
360	246	150	117	0	
360	243	150	105	0	
360	245	150	118	0	
360	253	150	128	0	
360	251	152	131	0	
360	251	150	135	0	
360	252	153	135	0	
417	360	253	150	100	0	
360	249	150	116	0	
360	244	150	134	0	
360	252	150	134	0	
383	360	248	150	137	76	0	
360	248	150	117	0	
360	252	150	149	102	0	
360	254	152	134	0	
360	254	150	100	0	
360	240	152	136	0	
360	254	150	125	0	
385	360	250	150	118	0	
360	250	150	133	116	0	
360	253	151	136	0	
360	248	150	110	0	
414	360	246	150	120	0	
360	246	152	138	0	
360	257	150	127	0	
360	255	150	130	0	
360	253	150	127	0	
360	248	150	135	0	
360	241	150	129	0	
364	360	243	150	99	0	
365	360	238	150	130	0	
360	239	152	133	0	
360	241	153	132	0	
360	247	150	129	0	
360	243	150	127	0	
364	360	241	152	137	0	
369	360	243	150	136	0	
360	252	150	133	0	
360	245	152	134	0	
360	254	152	136	0	
367	360	254	150	124	0	
360	264	150	134	0	
378	360	245	150	119	0	
421	360	241	150	134	0	
360	245	150	131	0	
360	257	153	137	0	
360	249	150	134	0	
360	256	150	126	0	
360	259	150	129	0	
360	248	150	78	0	
360	258	152	134	0	
360	258	150	115	0	
394	360	250	153	136	0	
360	251	150	117	0	
360	250	151	148	125	0	
360	256	150	129	0	
360	259	150	128	0	
360	245	150	129	0	
362	358	248	150	128	0	
360	245	150	130	0	
361	359	244	151	136	0	
360	247	150	129	0	
407	360	250	150	130	0	
394	360	244	150	128	0	
360	247	150	130	0	
360	249	152	134	0	
360	256	152	135	0	
384	360	252	150	129	0	
365	360	254	150	122	0	
362	358	246	150	130	0	
360	257	150	127	0	
360	247	152	137	0	
360	243	150	123	0	
360	244	150	136	0	
360	245	153	135	0	
360	249	150	109	0	
378	360	247	150	126	0	
360	250	151	130	0	
423	360	250	150	107	0	
363	360	247	150	118	0	
360	252	152	140	114	2	0	
360	264	150	115	0	
409	360	263	150	131	0	
394	360	246	151	132	0	
360	253	150	127	0	
360	236	235	150	101	0	
360	258	150	115	0	
361	359	256	152	136	0	
360	255	150	131	0	
360	253	150	110	0	
360	258	152	138	0	
428	360	250	153	136	0	
360	248	150	121	0	
360	245	150	127	0	
360	254	150	113	0	
360	246	150	123	0	
360	252	150	121	0	
360	250	150	130	0	
360	248	150	128	0	
400	360	252	153	130	0	
360	249	150	122	0	
360	252	152	136	0	
391	360	236	150	123	0	
360	254	150	127	0	
360	256	152	131	0	
360	264	259	152	137	0	
360	250	150	115	0	
360	250	150	130	0	
360	243	150	109	0	
360	257	152	135	0	
360	249	153	135	0	
360	242	150	133	0	
360	259	150	130	0	
360	255	150	111	0	
360	242	153	137	0	
360	253	152	135	0	
360	252	150	92	0	
360	245	150	86	0	
360	245	154	131	0	
360	243	152	136	0	
360	249	150	120	0	
360	250	152	130	0	
414	360	244	150	128	0	
360	255	150	131	0	
360	246	150	127	0	
360	241	150	109	0	
407	361	355	247	150	106	0	
415	360	257	152	137	0	
360	242	152	135	0	
364	356	254	150	120	0	
399	360	257	152	133	0	
360	234	152	134	0	
360	245	150	105	0	
360	246	153	133	0	
360	246	150	94	0	
360	237	150	126	0	
360	242	150	129	0	
360	244	149	106	0	
360	247	150	113	0	
360	236	150	70	0	
360	255	150	126	0	
360	249	152	135	0	
360	248	150	112	0	
360	252	150	102	0	
360	253	152	134	0	
360	249	153	134	0	
376	360	240	150	116	0	
360	250	150	122	0	
360	252	150	130	0	
360	243	150	124	0	
360	243	150	126	0	
360	262	153	134	0	
360	265	153	136	0	
360	252	150	136	0	
389	360	246	150	129	0	
415	360	248	150	130	0	
360	249	150	130	0	
360	237	150	130	0	
360	258	152	137	0	
360	249	150	133	0	
360	257	152	136	0	
360	250	150	118	0	
360	256	150	135	0	
360	251	150	127	0	
360	246	152	136	0	
385	361	359	243	150	109	0	
360	250	243	150	103	0	
392	360	250	150	126	0	
360	245	150	131	0	
360	247	150	115	0	
389	360	253	153	135	0	
360	246	150	127	0	
360	254	152	135	0	
362	357	256	153	136	0	
360	256	152	137	0	
384	360	250	150	124	0	
360	246	152	136	0	
360	244	153	136	0	
360	258	255	150	127	0	
360	246	152	136	0	
360	249	152	136	0	
360	245	150	118	0	
370	360	248	152	136	0	
360	255	150	106	0	
360	253	153	136	0	
360	248	152	150	118	0	
419	360	244	150	126	0	
360	247	150	135	0	
408	361	359	255	153	135	0	
360	244	150	129	0	
384	360	254	245	150	127	0	
365	360	249	150	108	0	
360	243	150	93	0	
360	261	150	119	0	
361	358	254	150	132	0	
418	360	250	150	102	0	
412	360	256	150	126	0	
360	249	150	125	0	
360	256	255	150	135	0	
421	360	251	153	136	0	
360	245	153	137	0	
360	237	152	133	0	
360	255	152	136	0	
360	258	228	150	129	0	
363	355	245	150	126	0	
360	258	150	112	0	
360	245	152	130	0	
360	239	151	134	0	
360	246	150	134	0	
360	242	150	88	0	
360	260	252	153	134	0	
379	360	249	150	117	0	
360	247	150	127	0	
414	360	255	150	111	0	
360	240	151	135	0	
381	360	254	150	132	0	
360	246	152	137	0	
360	238	229	150	98	0	
360	246	150	118	0	
360	264	152	136	0	
360	250	150	120	0	
360	237	150	126	0	
360	261	150	129	0	
360	257	152	135	0	
360	247	150	96	0	
360	253	150	116	0	
360	239	152	135	0	
401	360	252	150	118	0	
360	252	150	135	0	
360	245	152	136	0	
360	255	150	129	0	
360	249	150	110	0	
368	360	252	150	120	0	
360	253	152	134	0	
360	250	150	130	0	
369	360	260	150	131	0	
381	360	269	150	133	0	
360	239	150	129	0	
383	360	245	150	125	0	
361	359	260	150	106	0	
360	247	150	68	0	
381	360	248	150	130	0	
360	251	150	108	0	
360	243	150	117	0	
360	252	152	136	0	
364	358	243	150	118	0	
360	254	150	131	0	
364	356	258	150	120	0	
360	243	150	121	0	
360	239	150	98	0	
391	360	248	150	127	0	
360	244	150	125	0	
360	249	152	135	0	
360	246	151	148	125	0	
360	253	150	128	0	
360	257	153	131	0	
360	246	150	129	0	
360	252	150	100	0	
412	360	248	150	129	0	
360	247	150	128	0	
360	252	150	130	0	
363	360	241	150	131	0	
360	252	150	124	0	
360	251	150	121	0	
360	244	153	133	0	
423	360	245	150	126	0	
360	244	150	127	0	
360	245	150	126	0	
360	253	152	136	0	
396	360	253	150	118	0	
492	360	249	150	131	0	
380	360	259	150	95	0	
360	245	153	135	0	
360	247	150	135	0	
360	253	150	122	0	
360	255	150	136	0	
360	249	150	119	0	
360	257	150	129	0	
360	258	150	129	0	
360	260	152	134	0	
360	241	150	122	0	
361	359	249	150	137	0	
398	360	245	150	106	0	
387	360	240	150	124	0	
360	246	152	136	0	
360	258	150	105	0	
360	250	150	111	0	
360	257	150	134	117	0	
360	240	153	131	0	
360	253	152	135	0	
373	360	265	150	134	0	
360	250	150	114	0	
360	251	152	135	0	
390	375	360	250	150	126	0	
360	251	150	118	0	
360	246	150	130	0	
360	258	150	129	0	
360	244	151	136	0	
360	249	152	137	0	
403	360	251	150	103	0	
360	252	150	129	0	
360	251	150	128	0	
360	250	152	135	0	
414	360	249	150	119	0	
360	255	150	127	0	
360	243	150	129	0	
360	245	150	134	0	
360	250	150	112	0	
360	254	150	97	0	
378	360	245	150	126	0	
360	254	152	135	0	
360	259	151	136	0	
360	253	150	129	0	
360	255	152	136	0	
360	244	150	78	0	
360	254	150	129	0	
385	360	255	251	150	117	0	
360	244	153	129	0	
360	246	153	135	0	
360	239	150	133	0	
360	249	150	136	0	
360	252	153	138	0	
495	360	245	150	125	0	
360	259	150	130	0	
386	360	252	150	124	0	
362	359	245	153	136	0	
360	239	152	138	0	
360	243	152	137	0	
389	360	245	150	130	0	
361	359	256	150	131	0	
362	358	247	150	115	0	
360	251	150	132	0	
360	261	150	117	0	
429	360	249	150	68	0	
377	360	250	153	133	0	
360	256	150	135	0	
360	251	150	147	121	0	
387	360	240	150	71	0	
360	253	152	137	0	
360	251	150	149	130	0	
360	254	151	147	121	0	
360	247	153	135	0	
360	247	150	96	0	
360	254	150	121	0	
360	246	150	113	0	
360	257	150	127	0	
360	248	150	95	0	
423	360	247	150	127	0	
360	256	150	123	0	
360	245	152	135	0	
360	254	151	148	125	0	
410	360	249	150	129	0	
360	257	150	0	
360	240	150	115	0	
363	360	259	152	136	0	
360	253	150	125	0	
382	360	240	150	131	0	
362	359	254	150	121	0	
360	255	150	135	7	0	
360	253	150	130	0	
360	248	153	131	0	
364	360	252	150	133	0	
360	260	150	128	0	
360	248	151	148	126	0	
360	256	150	129	0	
360	252	150	128	0	
360	254	150	106	0	
366	360	244	150	126	0	
361	359	250	150	100	0	
360	249	152	136	132	0	
360	254	150	128	0	
360	256	152	131	0	
360	250	150	123	0	
360	261	150	121	0	
384	360	248	150	127	0	
360	247	152	136	0	
360	239	150	136	0	
360	254	150	120	0	
360	252	150	129	0	
360	252	150	117	0	
360	255	150	126	0	
360	247	150	130	0	
449	447	360	258	150	95	0	
360	243	150	105	0	
360	245	150	129	0	
389	360	249	150	130	0	
360	255	151	137	0	
360	237	150	118	0	
360	246	153	134	0	
420	360	252	150	111	0	
397	360	252	150	130	0	
368	360	239	150	126	0	
360	244	150	130	0	
363	358	244	152	136	0	
360	250	151	136	0	
360	250	150	115	0	
360	259	150	127	0	
388	360	244	150	109	0	
360	253	150	125	0	
420	360	243	150	131	0	
360	246	150	131	0	
411	360	247	150	113	0	
426	360	247	150	120	0	
361	359	253	153	136	2	0	
360	252	150	130	0	
360	245	150	131	0	
360	245	150	123	0	
360	254	150	131	0	
360	250	152	137	0	
361	359	258	150	121	0	
360	253	150	118	0	
385	360	245	150	128	0	
360	258	153	134	0	
360	244	150	94	0	
409	360	252	150	132	0	
422	360	242	150	131	0	
360	259	150	109	0	
360	248	151	136	0	
360	253	155	132	0	
360	264	150	111	0	
360	234	152	136	0	
360	250	152	135	0	
420	361	359	242	150	104	0	
360	240	152	136	0	
360	241	230	150	135	0	
360	248	150	126	0	
360	247	150	119	0	
360	247	150	107	0	
360	251	150	114	0	
360	244	150	118	0	
360	261	150	132	131	0	
360	234	150	117	0	
383	360	248	150	75	0	
360	240	150	111	0	
362	358	247	150	125	0	
360	254	150	129	0	
360	252	150	128	0	
384	360	245	150	73	0	
360	257	152	137	0	
360	245	150	114	0	
362	359	252	152	135	0	
424	360	238	151	136	0	
360	246	150	137	0	
360	254	150	126	0	
360	246	150	127	0	
360	260	150	131	0	
372	360	240	150	128	0	
360	249	150	136	0	
378	360	254	152	132	0	
383	360	240	152	137	0	
360	246	150	130	0	
360	254	152	146	126	0	
360	253	150	132	0	
360	240	150	130	0	
360	243	152	134	0	
360	237	150	112	0	
360	246	150	130	0	
360	255	150	130	0	
360	245	150	106	0	
360	251	154	132	0	
360	248	152	132	0	
360	258	150	135	0	
360	252	150	98	0	
360	244	152	132	0	
360	260	150	107	0	
360	254	150	128	0	
360	258	150	133	0	
360	248	150	104	0	
384	360	258	150	136	0	
360	257	153	130	0	
418	360	258	152	136	0	
360	250	150	119	0	
360	242	150	131	0	
362	359	255	150	110	0	
360	251	150	132	0	
360	248	150	107	0	
360	249	150	127	0	
360	259	152	135	0	
360	255	150	112	0	
362	358	245	150	128	0	
