0.764061	0.050087	0.757017	0.0481183	0.498131	
0.764061	0.0582337	0.0379525	0.4183	0.496393	
0.764061	0.060419	0.591995	0.0118782	0.497857	
0.764061	0.0340916	0.191606	0.235977	0.492093	
0.00407832	0.917814	0.00101276	0.250321	0.0267802	0.497928	
0.764061	0.0626635	0.238333	0.00920034	0.497603	
0.764061	0.0339665	0.630558	0.00861356	0.497748	
0.764061	0.0651679	0.735703	0.0455474	0.497761	
0.0199052	0.825687	0.00798161	0.196482	0.216877	0.496842	
0.764061	0.0572773	0.313969	0.341049	0.494407	
0.764061	0.059002	0.182176	0.238187	0.496754	
0.764061	0.06461	0.810085	0.018255	0.496821	
0.764061	0.00876756	0.168063	0.234792	0.492174	
0.764061	0.0461808	0.695609	0.0322739	0.497902	
0.764061	0.026829	0.719932	0.00684107	0.49782	
0.00270526	0.980097	0.0538881	0.838247	0.0870237	0.498008	
0.764061	0.0160935	0.451691	0.000661158	0.495964	
0.764061	0.0549957	0.165826	0.0758512	0.497738	
0.764061	0.0587417	0.748365	0.0236221	0.495884	
0.0199052	0.856978	0.0407747	0.354581	0.0332635	0.49745	
0.764061	0.0594835	0.80659	0.0747056	0.497812	
0.764061	0.0535838	0.250014	0.0803456	0.481143	
0.764061	0.0326578	0.777611	0.00546025	0.495881	
0.764061	0.0458331	0.421776	0.0319615	0.498068	
0.764061	0.0402832	0.13094	0.363035	0.497092	
0.764061	0.0461715	0.707559	0.0823946	0.497323	
0.764061	0.0588204	0.682682	0.0229473	0.497989	
0.764061	0.0522053	0.598129	0.00995655	0.498015	
0.00151311	0.943162	0.0396227	0.57292	0.0679515	0.497994	
0.764061	0.0207019	0.187004	0.236875	0.496934	
0.764061	0.063474	0.640259	0.0320401	0.49749	
0.764061	0.0602555	0.868695	0.00328993	0.497463	
0.764061	0.0329358	0.78101	0.0480935	0.498132	
0.764061	0.0104587	0.829111	0.0226045	0.496053	
0.0160008	0.398552	0.0396905	0.863101	0.0472066	0.497818	
0.764061	0.0534239	0.770388	0.0106139	0.497986	
0.00236361	0.929625	0.046096	0.757181	0.0729775	0.497971	
0.764061	0.0461074	0.153753	0.00368091	0.0254288	0.497975	
0.764061	0.0384904	0.135584	0.0750202	0.497954	
0.764061	0.0405534	0.706658	0.0711846	0.497989	
0.0029092	0.965481	0.0269267	0.708619	0.0822535	0.498058	
0.764061	0.0612666	0.86322	0.02289	0.497842	
0.00242339	0.984153	0.0604184	0.886476	0.020847	0.0003731	0.497745	
0.764061	0.0566774	0.891697	0.0178434	0.497498	
0.00255679	0.905801	0.0328696	0.76714	0.00369616	0.497472	
0.764061	0.0189857	0.746866	0.0252965	0.498024	
0.764061	0.0565695	0.548242	0.0719828	0.4976	
0.764061	0.0357702	0.377596	0.00638501	0.496315	
0.764061	0.050801	0.913701	0.0482161	0.497747	
0.764061	0.00875539	0.681086	0.0107778	0.497987	
0.00200994	0.00392061	0.96685	0.0201203	0.702174	0.0716232	0.49732	
0.764061	0.0598917	0.00376458	0.0765419	0.497997	
0.764061	0.0461862	0.686826	0.0115261	0.49793	
0.764061	0.061028	0.849931	0.0201437	0.497482	
0.764061	0.039583	0.874576	0.0760866	0.497961	
0.00440341	0.956713	0.0406341	0.675864	0.0321327	0.497543	
0.764061	0.0331575	0.152094	0.406051	0.495482	
0.0199052	0.818118	0.0446217	0.154407	0.240799	0.497736	
0.764061	0.0601324	0.864656	0.0329615	0.497075	
0.764061	0.0131579	0.648103	0.0182715	0.497958	
0.764061	0.0333718	0.708195	0.0218274	0.497663	
0.764061	0.0277564	0.138598	0.363998	0.477784	
0.764061	0.0575451	0.335892	0.199442	0.497813	
0.764061	0.061245	0.0738056	0.0246012	0.0726179	0.497933	
0.764061	0.0530986	0.725857	0.01996	0.497688	
0.764061	0.0459728	0.271936	0.224968	0.49193	
0.764061	0.0534061	0.763098	0.0734113	0.497734	
0.764061	0.0237408	0.368934	0.0719506	0.497893	
0.764061	0.0122	0.0456505	0.0845147	0.498088	
0.764061	0.0546167	0.0613219	0.00228842	0.0165584	0.49762	
0.00944694	0.0557307	0.0440211	0.367296	0.0144111	0.497895	
0.764061	0.0533932	0.756854	0.0218365	0.497786	
0.764061	0.0473851	0.324363	0.222509	0.497767	
0.764061	0.0282128	0.575615	0.0781076	0.498033	
0.764061	0.0460155	0.0130763	0.112232	0.497983	
0.00165579	0.952656	0.0574814	0.213311	0.237464	0.490364	
0.764061	0.0526615	0.0447906	0.415202	0.49631	
0.764061	0.0576016	0.580014	0.0181666	0.498016	
0.764061	0.0456438	0.855128	0.0463055	0.497475	
0.764061	0.0633049	0.73551	0.0236003	0.497575	
0.764061	0.0348825	0.107093	0.116745	0.484681	
0.764061	0.0640943	0.778303	0.00861345	0.497821	
0.764061	0.0157157	0.843817	0.00102138	0.49487	
0.764061	0.0592014	0.71098	0.0232586	0.497987	
0.764061	0.0548129	0.179335	0.061292	0.496134	
0.764061	0.0520684	0.326307	0.226863	0.497889	
0.764061	0.0535453	0.0290644	0.0957552	0.135587	0.496913	
0.764061	0.0444499	0.928996	0.0809399	0.497577	
0.764061	0.0344191	0.596513	0.0689274	0.497162	
0.764061	0.0648473	0.714632	0.00954669	0.497968	
0.764061	0.028083	0.56291	0.0300598	0.497845	
0.00407832	0.961526	0.0534721	0.746682	0.0194806	0.498006	
0.764061	0.0665234	0.139909	0.403949	0.497102	
0.764061	0.0391177	0.0564677	0.175803	0.496918	
0.764061	0.0480651	0.121876	0.242403	0.497525	
0.00299919	0.933618	0.063377	0.632684	0.0204355	0.497983	
0.00134005	0.932747	0.0102093	0.473019	0.0509699	0.497369	
0.0046647	0.0632291	0.727839	0.0579797	0.298098	0.230141	0.49789	
0.764061	0.0640129	0.907869	0.00727758	0.497497	
0.764061	0.00916149	0.640108	0.000330222	0.494836	
0.764061	0.0377338	0.842925	0.0180759	0.494993	
0.764061	0.0553945	0.725207	0.0223483	0.497936	
0.764061	0.0606194	0.0620804	0.0151277	0.491098	
0.764061	0.0638367	0.637682	0.0731253	0.498087	
0.00142743	0.9348	0.014457	0.187186	0.22694	0.497705	
0.764061	0.0597783	0.144389	0.0926206	0.497854	
0.764061	0.0639793	0.647051	0.0518279	0.497355	
0.00387919	0.861028	0.0193326	0.13373	0.431494	0.497378	
0.764061	0.0584637	0.724279	0.0189	0.497285	
0.764061	0.0619125	0.25631	0.223539	0.497736	
0.764061	0.0584634	0.109499	0.00859865	0.497964	
0.764061	0.046164	0.709281	0.00893487	0.49794	
0.00805802	0.0194767	0.708557	0.0356424	0.203998	0.0123849	0.494652	
0.00194937	0.957639	0.0124061	0.0506201	0.220456	0.497801	
0.764061	0.0566882	0.512453	0.0187623	0.497932	
0.764061	0.0112069	0.79527	0.0540338	0.497557	
0.0199052	0.840051	0.0661285	0.759099	0.0105301	0.497991	
0.764061	0.0624857	0.708179	0.0123709	0.497951	
0.764061	0.0636252	0.886813	0.00481229	0.497751	
0.00462326	0.953405	0.029151	0.200527	0.0989308	0.497964	
0.764061	0.00221959	0.467868	0.000889888	0.0613414	0.497842	
0.764061	0.0115807	0.0594655	0.733017	0.00904162	0.497902	
0.764061	0.0546162	0.390486	0.0630621	0.497956	
0.764061	0.0545845	0.190085	0.00505381	0.0193487	0.497842	
0.764061	0.0623086	0.934313	0.0164304	0.497489	
0.764061	0.0488921	0.22554	0.403464	0.496675	
0.764061	0.0635108	0.221023	0.439288	0.497813	
0.764061	0.0536903	0.849864	0.0155428	0.497623	
0.764061	0.0535323	0.795463	0.0169952	0.497932	
0.764061	0.0561189	0.103677	0.0730881	0.00090891	0.5	
0.0046647	0.973824	0.0539113	0.837521	0.0181052	0.498025	
0.0160008	0.307254	0.0632598	0.10546	0.193781	0.496545	
0.764061	0.022448	0.13699	0.278615	0.497789	
0.764061	0.0670118	0.794866	0.085248	0.497995	
0.764061	0.0383934	0.707689	0.0119572	0.497897	
0.764061	0.0315244	0.864785	0.0103953	0.497827	
0.764061	0.0152901	0.904179	0.00210048	0.497962	
0.00289186	0.97013	0.0587404	0.741538	0.0456613	0.497875	
0.0160008	0.329965	0.0289342	0.63049	0.0735954	0.497511	
0.764061	0.0535866	0.785189	0.0150377	0.497937	
0.00148298	0.991792	0.0567652	0.961464	0.0282383	0.49786	
0.00944694	0.351936	0.0554604	0.838597	0.000456946	0.489327	
0.764061	0.0562176	0.844088	0.00229746	0.497667	
0.000154288	0.399698	0.0554241	0.492367	0.00120341	
0.764061	0.0539494	0.610697	0.0112135	0.497786	
0.764061	0.0460087	0.292421	0.229658	0.497936	
0.764061	0.0544685	0.667052	0.0702305	0.497024	
0.00194937	0.962586	0.00390831	0.617041	0.0164638	0.497736	
0.764061	0.0600676	0.857641	0.0231567	0.490349	
0.764061	0.0585288	0.398652	0.051358	0.497904	
0.0160008	0.317208	0.0346351	0.161757	0.446689	0.497028	
0.00146324	0.987272	0.0388269	0.917148	0.0101182	0.497971	
0.00383554	0.88172	0.00376262	0.0838594	0.037279	0.497809	
0.764061	0.0557895	0.441589	0.0317624	0.496502	
0.764061	0.00537571	0.694715	0.00737572	0.497912	
0.764061	0.061073	0.485898	0.0511086	0.497002	
0.00124058	0.88922	0.0316314	0.120882	0.134113	0.498071	
0.764061	0.0517871	0.495607	0.0306323	0.497918	
0.00429121	0.974738	0.0559282	0.114614	0.400448	0.496482	
0.764061	0.0620607	0.909315	0.0239712	0.498015	
0.764061	0.0587727	0.3622	0.040731	0.497543	
0.00463601	0.95452	0.00183616	0.0192533	0.617357	0.0182554	0.497981	
0.0160008	0.431543	0.0564455	0.534112	0.0187521	0.497984	
0.764061	0.0587711	0.745841	0.0533595	0.497253	
0.764061	0.0400336	0.332472	0.0994393	0.497841	
0.764061	0.0407818	0.019573	0.109152	0.498011	
0.00156751	0.981758	0.0248476	0.820271	0.000450065	0.489166	
0.764061	0.0601836	0.00201599	0.3623	0.497567	
0.764061	0.0408042	0.562835	0.0315877	0.497866	
0.764061	0.0610889	0.726209	0.083038	0.497959	
0.764061	0.0587602	0.0734662	0.411444	0.497816	
0.764061	0.0568182	0.907314	0.0210518	0.493941	
0.764061	0.0678745	0.929793	0.0923186	0.49774	
0.764061	0.019465	0.655706	0.0213596	0.497957	
0.00407832	0.977904	0.063687	0.888936	0.0330658	0.497447	
0.764061	0.0528605	0.28961	0.228343	0.495306	
0.764061	0.0192918	0.670192	0.0217931	0.416933	
0.764061	0.00571104	0.763951	0.00152833	0.496	
0.764061	0.0484269	0.238825	0.0395357	0.497088	
0.00407832	0.940959	0.0628245	0.600156	0.011991	0.497956	
0.764061	0.0554859	0.768878	0.0482345	0.498136	
0.764061	0.0670746	0.797136	0.012818	0.497127	
0.764061	0.00110995	0.161244	0.216153	0.497881	
0.764061	0.0541103	0.879582	0.0201949	0.497509	
0.764061	0.0572137	0.0772658	0.108988	0.49685	
0.764061	0.0408375	0.487759	0.0708682	0.4979	
0.764061	0.0398799	0.0856945	0.411813	0.497764	
0.764061	0.0321887	0.835248	0.0130139	0.497851	
0.764061	0.0401305	0.115519	0.416375	0.497646	
0.764061	0.0629429	0.584989	0.000325019	0.00591896	0.49792	
0.00255679	0.73657	0.0484041	0.0863432	0.0744776	0.49808	
0.764061	0.0655637	0.741602	0.0839648	0.496502	
0.764061	0.0333977	0.1696	0.0886752	0.479147	
0.764061	0.00110495	0.0430411	0.479893	0.00996483	0.497969	
0.00387919	0.974176	0.0619503	0.909358	0.0196302	0.483077	
0.764061	0.0565677	0.0934215	0.402762	0.49694	
0.0160008	0.30828	0.00366467	0.770995	0.0841629	0.000906522	0.5	
0.764061	0.0016883	0.417467	0.00854208	0.497839	
0.764061	0.0564244	0.866539	0.0760822	0.498042	
0.00463601	0.963849	0.012642	0.0790793	0.352361	0.497267	
0.764061	0.0619069	0.531213	0.0192224	0.497896	
0.764061	0.0548114	0.275845	0.035443	0.209705	
0.764061	0.0396679	0.254403	0.0296899	0.497965	
0.00944694	0.00821718	0.063908	0.655616	0.00981102	0.49648	
0.00236361	0.950708	0.0537518	0.814137	0.0240619	0.496996	
0.764061	0.0177714	0.239781	0.0659212	0.497859	
0.764061	0.0568581	0.525543	0.0509926	0.495348	
0.764061	0.00410477	0.718345	0.0455817	0.497776	
0.764061	0.0136097	0.21295	0.00111846	0.0569775	0.494797	
0.764061	0.0528253	0.643355	0.0304582	0.497813	
0.764061	0.0488818	0.393482	0.28327	0.49716	
0.764061	0.0397511	0.858777	0.0758654	0.497777	
0.764061	0.0297037	0.59897	0.0685533	0.497997	
0.00420692	0.0477441	0.867617	0.0619566	0.575851	0.0294695	0.49798	
0.764061	0.0682914	0.868308	0.0108329	0.487964	
0.764061	0.0157853	0.497241	0.00110878	0.0959614	0.494943	
0.764061	0.0171125	0.795149	0.0244558	0.38738	
0.764061	0.0644396	0.00689847	0.171345	0.497981	
0.764061	0.0187465	0.701306	0.00405133	0.497416	
0.764061	0.00984864	0.721267	0.0532992	0.497001	
0.764061	0.0167843	0.885445	0.0206895	0.497909	
0.764061	0.0536871	0.807564	0.0745268	0.497903	
0.00420692	0.982143	0.0671459	0.908931	0.0766458	0.497942	
0.764061	0.0515422	0.306929	0.2288	0.497641	
0.00387919	0.817561	0.058297	0.633714	0.0225351	0.497936	
0.764061	0.0651278	0.703296	0.0713665	0.497649	
0.764061	0.0540446	0.935974	0.00745642	0.497689	
0.00270526	0.942335	0.030017	0.571353	0.0295549	0.497611	
0.00460043	0.926889	0.00246467	0.248947	0.378006	0.497869	
0.764061	0.0338483	0.19944	0.400195	0.495731	
0.764061	0.0595525	0.0333266	0.205177	0.497035	
0.00944694	0.00946369	0.0337873	0.521377	0.0061219	0.4978	
0.764061	0.0492134	0.656131	0.0731488	0.49691	
0.764061	0.00941512	0.861986	0.0764094	0.49785	
0.764061	0.0496142	0.17209	0.00164863	0.491232	
0.00463601	0.977502	0.0315578	0.863884	0.0553581	0.497311	
0.764061	0.0595908	0.745744	0.0270914	0.497642	
0.00433697	0.882488	0.0513696	0.119035	0.0331359	0.498129	
0.764061	0.0665651	0.796489	0.0182646	0.497912	
0.00227927	0.977775	0.0111933	0.817742	0.023448	0.495207	
0.764061	0.0296503	0.006971	0.0721927	0.496923	
0.764061	0.0611888	0.7288	0.00293801	0.495852	
0.764061	0.0336421	0.695185	0.00831417	0.497816	
0.764061	0.0682522	0.872841	0.0457135	0.498141	
0.0199052	0.840595	0.00905604	0.56077	0.00624621	0.497895	
0.764061	0.0610395	0.628148	0.0300761	0.497891	
0.764061	0.0527215	0.637111	0.0214692	0.497882	
0.764061	0.0405975	0.693739	0.0144357	0.497605	
0.764061	0.0230628	0.00617829	0.155337	0.497611	
0.0045254	0.928637	0.028468	0.521352	0.0771667	0.49792	
0.764061	0.0602945	0.873555	0.0330124	0.497208	
0.00407832	0.962734	0.0536362	0.801505	0.021973	0.497766	
0.764061	0.0344484	0.527341	0.019456	0.496643	
2.14624e-05	0.931913	0.0530339	0.691671	0.0492885	0.498035	
0.764061	0.0176277	0.356856	0.355078	0.49787	
0.764061	0.0109813	0.752577	0.0203896	0.49786	
0.764061	0.00798041	0.300208	0.0394242	0.49777	
0.764061	0.0491625	0.628919	0.00803465	0.497721	
0.00407832	0.95283	0.0201603	0.0934209	0.290424	0.497611	
0.764061	0.00756035	0.481061	0.07077	0.432348	
0.764061	0.0535155	0.781813	0.0240164	0.496743	
0.764061	0.0485954	0.00145912	0.220209	0.497642	
0.003069	0.978532	0.0224201	0.934337	0.0928124	0.497874	
0.764061	0.00582112	0.16494	0.35069	0.492052	
0.764061	0.0619545	0.9116	0.0018317	0.497382	
0.764061	0.01948	0.149708	0.274705	0.496404	
0.764061	0.063077	0.0586402	0.0385232	0.0530412	0.49805	
0.000216293	0.850298	0.0559165	0.806203	0.0183319	0.497269	
0.764061	0.0567449	0.0200434	0.215823	0.495282	
0.764061	0.0601993	0.87061	0.0156066	0.497755	
0.764061	0.067326	0.838356	0.0469583	0.496264	
0.764061	0.0536806	0.845006	0.0472114	0.475419	
0.764061	1.05611e-05	0.0388175	0.562569	0.00329476	0.493601	
0.764061	0.0608277	0.293046	0.231101	0.497668	
0.764061	0.0286653	0.705554	0.045065	0.496458	
0.764061	0.0356482	0.400842	0.0306163	0.497929	
0.764061	0.0483704	0.275159	0.0166837	0.498004	
0.764061	0.063621	0.0270714	0.0147539	0.0431321	0.496919	
0.764061	0.0407541	0.222344	0.100375	0.497355	
0.0025111	0.924564	0.0657901	0.766911	0.0843556	0.470195	
0.764061	0.0535541	0.122775	0.447876	0.497585	
0.764061	0.0169801	0.858705	0.0156643	0.497926	
0.764061	0.054907	0.713334	0.0145775	0.497777	
0.764061	0.0640519	0.911695	0.0767587	0.49808	
0.764061	0.0534501	0.776816	0.0749944	0.49809	
0.00134005	0.90339	0.0400015	0.145639	0.213714	0.497179	
0.764061	0.0536979	0.567169	0.0292159	0.498095	
0.764061	0.0581649	0.137336	0.0230256	0.497945	
0.764061	0.0503732	0.824789	0.0471778	0.498135	
0.00487317	0.968088	0.0658943	0.056996	0.00468206	0.0301746	0.497954	
0.764061	0.0645981	0.764466	0.0101823	0.496584	
0.764061	0.0561303	0.0300658	0.130149	0.496432	
0.00370281	0.934751	0.0641685	0.644627	0.0733574	0.498034	
0.764061	0.063133	0.0682995	0.103084	0.49791	
0.003069	0.646092	0.0605704	0.44855	0.00988002	0.49771	
0.764061	0.0289467	0.186135	0.312775	0.497628	
0.764061	0.0660214	0.719291	0.0225215	0.497907	
0.764061	0.0399688	0.433015	0.0703353	0.497996	
0.764061	0.019895	0.733842	0.00173459	0.489169	
0.764061	0.0460966	0.747502	0.0261754	0.497826	
0.00242339	0.952657	0.0610864	0.627926	0.00914283	0.497771	
0.764061	0.0537942	0.112204	0.165973	0.497337	
0.764061	0.0615362	0.759305	0.00851123	0.497704	
0.764061	0.0180508	0.772738	0.0838846	0.497699	
0.764061	0.0223435	0.510218	0.0713576	0.497964	
0.00495313	0.321425	0.0565041	0.265628	0.0683001	0.484739	
0.764061	0.0531278	0.0738105	0.0469722	0.497885	
0.764061	0.0538436	0.234272	0.399254	0.497775	
0.764061	0.0653342	0.73125	0.0256189	0.498135	
0.0199052	0.840175	0.0516562	0.640929	0.0802152	0.497134	
0.764061	0.0521567	0.23053	0.225001	0.493802	
0.764061	0.0116068	0.769031	0.0261915	0.497703	
0.764061	0.0568958	0.0526847	0.415085	0.496727	
0.764061	0.0614339	0.651875	0.0443834	0.497797	
0.764061	0.0529275	0.664398	0.0186033	0.497695	
0.764061	0.061287	0.742097	0.000744912	0.000383073	0.493868	
0.764061	0.0646017	0.116142	0.241539	0.497811	
0.764061	0.0280958	0.00441068	0.711643	0.0835276	0.498038	
0.764061	0.0592098	0.716221	0.0825306	0.497859	
0.764061	0.0595938	0.092207	0.00941648	0.490038	
0.764061	0.00650452	0.848281	0.0069853	0.497678	
0.764061	0.00973816	0.0678473	0.407379	0.497661	
0.764061	0.0269892	0.815582	0.0472931	0.497966	
0.764061	0.0490767	0.397695	0.000280416	0.495962	
0.764061	0.0336153	0.66991	0.0736005	0.496713	
0.764061	0.054968	0.719437	0.0528503	0.497912	
0.00236361	0.963337	0.0656207	0.658738	0.0232181	0.497922	
0.764061	0.0598009	0.25158	0.0284175	0.498028	
0.764061	0.0397389	0.537229	0.000765554	
0.764061	0.0342205	0.17304	0.227946	0.49785	
0.764061	0.060791	0.92053	0.0919462	0.497922	
0.764061	0.0207482	0.670148	0.0809435	0.498055	
0.764061	0.0397955	0.108788	0.136255	0.49788	
0.764061	0.0591242	0.779998	0.0254675	0.494402	
0.764061	0.0343333	0.621877	0.0729729	0.49788	
0.00255679	0.811392	0.0490729	0.627616	0.0212661	0.497788	
0.00383554	0.977561	0.0653637	0.833613	0.0179902	0.497929	
0.764061	0.0531469	0.000937309	0.717676	0.0827139	0.498057	
0.764061	0.0490401	0.55956	0.00633444	0.497886	
0.764061	0.0559303	0.356244	0.103212	0.49763	
0.000793104	0.976879	0.0536565	0.821851	0.075778	0.496822	
0.00442238	0.965098	0.0196137	0.711818	0.0117388	0.497544	
0.00111894	0.945913	0.00133662	0.606218	0.0794669	0.497965	
0.764061	0.0382254	0.80734	0.0220686	0.465285	
0.00440341	0.981869	0.0696256	0.891344	0.0218384	0.49658	
0.764061	0.0407966	0.0902223	0.290139	0.497831	
0.00944694	0.286633	0.0130094	0.303771	0.0179344	0.496905	
0.764061	0.0199556	0.725139	0.0124801	0.497449	
0.764061	0.013221	0.805281	0.0233447	0.496445	
0.764061	0.0515894	0.0588589	0.0055251	0.498076	
0.00270526	0.968664	0.0387917	0.734278	0.0455777	0.497503	
0.764061	0.000295645	0.842616	0.00814731	0.497518	
0.764061	0.0631427	0.152682	0.0877049	0.49785	
0.764061	0.0294675	0.335735	0.274809	0.497905	
0.764061	0.0127812	0.730007	0.0489362	0.498098	
0.00944694	0.299535	0.0460551	0.472423	0.00753845	0.497855	
0.764061	0.0522079	0.553964	0.0316488	0.496256	
0.764061	0.018977	0.0901186	0.128229	0.497774	
0.764061	0.0573755	0.130203	0.39141	0.497754	
0.764061	0.0288973	0.190237	0.00799007	0.494575	
0.764061	0.0399277	0.0964921	0.0715107	0.498049	
0.764061	0.0148077	0.104908	0.230418	0.497565	
0.764061	0.057803	0.6024	0.0446406	0.497889	
0.764061	0.0637677	0.647935	0.00638287	0.497833	
0.00205677	0.526217	0.00128419	0.779709	0.0141352	0.497953	
0.00128618	0.974125	0.064314	0.0503831	0.304279	0.497141	
0.00463601	0.942569	0.0580577	0.623353	0.0213028	0.497831	
0.764061	0.0630472	0.101235	0.00363727	0.0298799	0.498081	
0.0160008	0.36198	0.0567259	0.375567	0.0477634	0.497954	
0.764061	0.0460531	0.515247	0.0116373	0.496454	
0.764061	0.0522314	0.247774	0.22915	0.497717	
0.00165579	0.980576	0.0562708	0.851218	0.0235029	0.491918	
0.0199052	0.821371	0.0431327	0.333596	0.0180648	0.497342	
0.764061	0.0101341	0.730463	0.021493	0.497946	
0.0012131	0.958818	0.0336626	0.667057	0.0446771	0.497678	
0.00210352	0.983589	0.0694495	0.0728189	0.421175	0.497401	
0.00250282	0.982683	0.0707639	0.903457	0.00901549	0.497768	
0.764061	0.0511804	0.475825	0.00952277	0.496693	
0.764061	0.0545647	0.665982	0.0812641	0.498003	
0.764061	0.0334731	0.718639	0.00957119	0.497447	
0.00256502	0.982831	0.0536926	0.86021	0.00970387	0.497936	
0.00299919	0.943095	0.0528672	0.176087	0.0366112	0.49806	
0.764061	0.0604987	0.890497	0.0784568	0.497848	
0.764061	0.0606172	0.821771	0.0863022	0.497957	
0.764061	0.0182608	0.826834	0.0868049	0.488104	
0.764061	0.0394914	0.605536	0.014082	0.497932	
0.764061	0.0591167	0.763911	0.0460896	0.497833	
0.764061	0.0203639	0.0432919	0.0172831	0.0616579	0.498027	
0.764061	0.00673699	0.82762	0.0101415	0.497992	
0.764061	0.0612323	0.862248	0.011047	0.481573	
0.764061	0.00137366	0.64439	0.0297498	0.495555	
0.764061	0.0209498	0.637748	0.06975	0.498005	
0.764061	0.0528862	0.694244	0.0218209	0.497952	
0.764061	0.040832	0.52406	0.0498616	0.497942	
0.764061	0.0644513	0.639715	0.081156	0.497693	
0.00299919	0.954313	0.0595584	0.743738	0.00165831	0.0263762	0.497139	
0.00289186	0.972357	0.063635	0.730602	0.0138767	0.497945	
0.764061	0.0618895	0.66698	0.0143659	0.49781	
0.764061	0.0334427	0.706409	0.045049	0.497361	
0.764061	0.0288794	0.68914	0.00990288	0.497946	
0.764061	0.0536049	0.899064	0.0767164	0.498108	
0.00463601	0.957702	0.0623118	0.0338829	0.02435	0.0280695	0.497995	
0.764061	0.0536465	0.104443	0.0181425	0.497659	
0.764061	0.0438457	0.942799	0.0332083	0.496431	
0.764061	0.00715238	0.604142	0.021781	0.49792	
0.00124058	0.972568	0.0276037	0.776706	0.0247244	0.493125	
0.764061	0.0534404	0.766801	0.0256907	0.497858	
0.764061	0.0525737	0.602569	0.0299941	0.49789	
0.764061	0.0533478	0.745913	0.0126373	0.497964	
0.00200994	0.896608	0.0603173	0.195621	0.237079	0.494957	
0.764061	0.0605777	0.169689	0.0261269	0.497912	
0.764061	0.0661332	0.149842	0.36225	0.497733	
0.764061	0.0119449	0.77901	0.0246006	0.497114	
0.00944694	0.130043	0.0441197	0.433	0.0643187	0.497895	
0.764061	0.0461907	0.664714	0.0298586	0.497009	
0.764061	0.0535994	0.895576	0.0794362	0.496799	
0.00296774	0.92507	0.0513824	0.139485	0.0700707	0.49808	
0.764061	0.0270568	0.816464	0.0252102	0.497799	
0.00487317	0.966426	0.0658256	0.764888	0.0733514	0.495286	
0.764061	0.0356927	0.930314	0.0810228	0.496835	
0.00128618	0.978495	0.0264991	0.814164	0.0466766	0.497365	
0.764061	0.0539813	0.849946	0.076384	0.49797	
0.764061	0.0334211	0.708919	0.0712499	0.498005	
0.764061	0.0502612	0.112655	0.243864	0.494506	
0.764061	0.0220306	0.00308951	0.260984	0.124309	0.497949	
0.00460043	0.943842	0.0527859	0.645074	0.00196798	0.49792	
0.764061	0.0108408	0.827188	0.0251667	0.497809	
0.00165757	0.978497	0.0505127	0.80872	0.0465936	0.495959	
0.764061	0.0264878	0.721119	0.0184641	0.497643	
0.00270526	0.0393312	0.767951	0.0476232	0.22214	0.292973	0.497691	
0.764061	0.0590394	0.248035	0.36042	0.497582	
0.764061	0.0659599	0.775891	0.0480974	0.498078	
0.00279747	0.95287	0.046059	0.772158	0.00126607	0.496036	
0.00487317	0.96579	0.0642385	0.799683	0.0740213	0.497861	
0.764061	0.0586131	0.199051	0.419351	0.497117	
0.764061	0.0487287	0.244723	0.00868871	0.497494	
0.764061	0.0549323	0.712938	0.0274802	0.491387	
0.764061	0.0501573	0.795407	0.0479105	0.498083	
0.00420692	0.956343	0.00531736	0.722363	0.0269866	0.497683	
0.764061	0.0588185	0.480859	0.00359798	0.49778	
0.764061	0.0401095	0.349267	0.379166	0.497926	
0.764061	0.0590042	0.771313	0.0256769	0.496233	
0.764061	0.0125276	0.0209833	0.195358	0.041472	0.497497	
0.00133595	0.985189	0.0541964	0.903001	0.0148892	0.495666	
0.764061	0.039949	0.831482	0.086528	0.498043	
0.764061	0.00922404	0.895627	0.017896	0.49795	
0.764061	0.0530331	0.265793	0.0186269	0.497855	
0.00133595	0.984234	0.0638647	0.900741	0.0148719	0.497967	
0.00225506	0.906313	0.0392539	0.661414	0.0182562	0.495499	
0.764061	0.0535634	0.787789	0.00762196	0.497912	
0.00944694	0.282487	0.0707223	0.905155	0.0135976	0.497929	
0.764061	0.0398937	0.843699	0.0233893	0.493139	
0.764061	0.0586982	0.641352	0.0134328	0.497961	
0.764061	0.0581629	0.153997	0.0989549	0.497924	
0.00370281	0.971523	0.0506287	0.859378	0.076119	0.497933	
0.764061	0.0598844	0.626199	0.0186586	0.497936	
0.764061	0.0536179	0.823029	0.0245543	0.478579	
0.764061	0.0548025	0.349683	0.0272921	0.497445	
0.0034573	8.4022e-05	0.95698	0.0329251	0.755712	0.0839934	0.49806	
0.764061	0.0563486	0.857204	0.0232213	0.497737	
0.0160008	0.234696	0.05493	0.907773	0.0210932	0.497811	
0.00463601	0.968541	0.0385309	0.0403184	0.225424	0.497737	
0.00135118	0.956795	0.0406551	0.672867	0.0215537	0.497931	
0.764061	0.0457711	0.116982	0.125514	0.498049	
0.764061	0.0459063	0.114188	0.208576	0.49709	
0.764061	0.0693524	0.883799	0.0178416	0.497677	
0.0029092	0.964633	0.0530517	0.688232	0.0821579	0.496157	
0.764061	0.066858	0.736543	0.0140175	0.497967	
0.764061	0.0518736	0.547957	0.0779989	0.498027	
0.764061	0.058683	0.739917	0.0101434	0.497174	
0.764061	0.0191886	0.879524	0.0125937	0.497803	
0.764061	0.0538105	0.236865	0.22478	0.497656	
0.0160008	0.462842	0.065777	0.729649	0.0165796	0.497819	
0.764061	0.0598551	0.213953	0.402114	0.497438	
0.764061	0.0664472	0.797082	0.0227029	0.497611	
0.764061	0.0535747	0.797995	0.0754074	0.49809	
0.0160008	0.42702	0.0615674	0.109398	0.407699	0.496999	
0.764061	0.0611707	0.282308	0.404181	0.42423	
0.764061	0.059453	0.396464	0.0333997	0.482859	
0.000153569	0.980282	0.0719534	0.954587	0.00228747	0.49728	
0.0199052	0.852636	0.0622387	0.715672	0.074168	0.498012	
0.00218839	0.907526	0.0553983	0.330836	0.388317	0.497905	
0.00236361	0.939233	0.0591628	0.781512	0.0168465	0.49787	
0.00128618	0.960533	0.0648161	0.687058	0.000628638	0.0330118	0.496989	
0.764061	0.0531694	0.64873	0.0185135	0.497988	
0.764061	0.0628968	0.0990187	0.00821165	4.83967e-06	0.496134	
0.764061	0.0627942	0.603475	0.0793592	0.497575	
0.00383554	0.974294	0.0134365	0.80921	0.0756066	0.498019	
0.0160008	0.326385	0.0469726	0.137673	0.199697	0.492899	
0.764061	0.0637324	0.619764	0.0800283	0.494055	
0.764061	0.0535112	0.788278	0.0128244	0.497969	
0.764061	0.00199269	0.0509776	0.906465	0.0791055	0.497827	
0.764061	0.0545091	0.189502	0.378031	0.497656	
0.764061	0.0487374	0.239086	0.0156649	0.497815	
0.764061	0.066886	0.78724	0.085042	0.497974	
0.764061	0.051419	0.421669	0.0514022	0.498076	
0.0045254	0.940473	0.0606696	0.0579699	0.00173638	0.0303057	0.497589	
0.00151311	0.93659	0.0349845	0.000328739	0.279351	0.237082	0.497744	
0.00279747	0.973528	0.0163636	0.718977	0.0782866	0.495569	
0.764061	0.00589041	0.716133	0.0487747	0.493663	
0.764061	0.02849	0.0553869	0.394395	0.497665	
0.764061	0.0687736	0.861233	0.0553523	0.493683	
0.00944694	0.327404	0.0419399	0.6192	0.0032508	0.497857	
0.764061	0.0105183	0.153663	0.122881	0.497935	
0.0160008	0.462429	0.0597821	0.703779	0.0324062	0.497898	
0.764061	0.0541952	0.91133	0.0331673	0.497711	
0.764061	0.0284217	0.256658	0.440354	0.497151	
0.764061	0.0387305	0.900812	0.0798871	0.497899	
0.764061	0.00925174	0.594261	0.0319219	0.496188	
0.0160008	0.415416	0.0546409	0.333459	0.330182	0.49767	
0.764061	0.0605965	0.819238	0.00176143	0.497921	
0.764061	0.0221876	0.174153	0.0525565	0.497901	
0.764061	0.0623035	0.805659	0.0753503	0.498037	
0.764061	0.0307737	0.470306	0.0493975	0.497598	
0.00225506	0.923218	0.0337237	0.69641	0.052638	0.49793	
0.764061	0.0212174	0.620704	0.00220485	0.497895	
0.00151311	0.96954	0.0657016	0.157372	0.0641969	0.49746	
0.764061	0.0330377	0.743157	0.0745341	0.497669	
0.0034573	0.968347	0.0634997	0.757012	0.0838636	0.497963	
0.764061	0.0043104	0.537615	0.00621726	0.497749	
0.764061	0.0568913	0.910139	0.0239103	0.49784	
0.764061	0.0377695	0.844934	0.0102196	0.497943	
0.764061	0.0530977	0.668431	0.0232293	0.497833	
0.764061	0.0535922	0.78956	0.0740327	0.49798	
0.764061	0.0607933	0.293907	0.0413715	0.497923	
0.764061	0.068752	0.892019	0.0208539	0.475549	
0.764061	0.0559089	0.153839	0.156368	0.497995	
0.00218839	0.954878	0.0523999	0.62372	0.0063693	0.497895	
0.764061	0.0643515	0.929854	0.0215212	0.497891	
0.764061	0.0461886	0.634761	0.0295508	0.496715	
0.764061	0.062421	0.701464	0.0278953	0.495697	
0.0046647	0.977651	0.0614761	0.874207	0.0035968	0.000449534	0.497975	
0.764061	0.057891	0.606932	0.0201624	0.497932	
0.764061	0.0658401	0.864518	0.00207173	0.010137	0.497819	
0.764061	0.0479203	0.297734	0.105332	0.497722	
0.764061	0.0497729	0.739363	0.00661199	0.496799	
0.764061	0.0221115	0.256779	0.356965	0.491248	
0.764061	0.0498684	0.748232	0.0324589	0.497893	
0.00442238	0.970853	0.0671479	0.802153	0.0242625	0.497784	
0.764061	0.0658357	0.742841	0.0266528	0.00546015	0.497911	
0.764061	0.0532886	0.0321191	0.384079	0.497447	
0.764061	0.0604465	0.808511	0.0112014	0.497964	
0.00146324	0.96681	0.0548758	0.704184	0.0199036	0.49789	
0.764061	0.0549023	0.00297937	0.0106666	0.485265	
0.764061	0.0277798	0.623258	0.0514321	0.493979	
0.764061	0.0397873	0.854221	0.0758129	0.497891	
0.764061	0.0527547	0.656003	0.052248	0.497642	
0.764061	0.059899	0.769547	0.027207	0.497562	
0.764061	0.0275983	0.779429	0.084761	0.498008	
0.00805802	0.746491	0.037413	0.842553	0.00699573	0.497824	
0.00495313	0.841697	0.0103223	0.772447	0.0755032	0.497551	
0.764061	0.0110461	0.0963985	0.0435046	0.492907	
0.764061	0.0335908	0.172428	0.0617132	0.497813	
0.764061	0.0582043	0.694944	0.0820613	0.498046	
0.764061	0.0386971	0.74645	0.0534147	0.496105	
0.00805802	0.735197	0.0286154	0.168462	0.0802961	0.497382	
0.0025111	0.939239	0.0382512	0.805273	0.0243468	0.497338	
0.764061	0.0603356	0.581079	0.0301286	0.497864	
0.764061	0.0525316	0.229278	0.0943052	0.49751	
0.764061	0.0497424	0.147644	0.425229	0.497331	
0.003069	0.959952	0.0506041	0.87216	0.0217689	0.496258	
0.764061	0.00242598	0.72021	0.0265874	0.495022	
0.00460043	0.965332	0.0533559	0.752784	0.022362	0.49773	
1.5271e-05	0.917507	0.0308294	0.475342	0.0338653	0.498056	
0.764061	0.0535978	0.807206	0.0472108	0.497962	
0.764061	0.028475	0.131929	0.0543691	0.49572	
0.764061	0.0618991	0.7716	0.0251837	0.497846	
0.764061	0.0302393	0.918108	0.0484295	0.496716	
0.764061	0.0192564	0.679921	0.0805944	0.496127	
0.764061	0.0592384	0.718338	0.00194377	0.497912	
0.764061	0.0228419	0.296513	0.0703361	0.493246	
0.764061	0.0190407	0.789391	0.0168838	0.497613	
0.00194937	0.964539	0.0665433	0.0442135	0.224386	0.49708	
0.764061	0.067429	0.84015	0.0225606	0.497984	
0.764061	0.0631874	0.016561	0.276921	0.0307211	0.497751	
0.764061	0.0337818	0.641273	0.0805239	0.497943	
0.764061	0.0175573	0.803366	0.0740362	0.49798	
0.764061	0.0535245	0.79425	0.0855281	0.498044	
0.0160008	0.354862	0.0500792	0.407022	0.0635609	0.497655	
0.764061	0.053474	0.921619	0.0769336	0.49811	
0.0199052	0.828141	0.0510743	0.113547	0.400055	0.497886	
0.764061	0.0594325	0.801087	0.085739	0.496018	
0.00134005	0.985592	0.0703923	0.9139	0.076776	0.497696	
0.00194937	0.976378	0.045417	0.861722	0.0776691	0.497877	
0.764061	0.06084	0.927063	0.0769751	0.498095	
0.764061	0.0599252	0.20844	0.0940543	0.497982	
0.764061	0.0346833	0.29196	0.229582	0.497936	
0.00433697	0.969859	0.063875	0.773583	0.0845171	0.49771	
0.00495313	0.954562	0.0508182	0.917306	0.018221	0.497822	
0.0160008	0.262799	0.0574271	0.880208	0.0762771	0.494042	
0.764061	0.0266924	0.732491	0.000342895	0.49537	
0.764061	0.058857	0.142706	0.0725462	0.497572	
0.764061	0.0388905	0.720962	0.01851	0.497601	
0.764061	0.0459311	0.787683	0.0240227	0.496877	
0.764061	0.0513852	0.134463	0.206593	0.497704	
0.764061	0.0614891	0.739114	0.0105318	0.498034	
0.00460043	0.966738	0.0590988	0.769115	0.0460688	0.496618	
0.764061	0.0686455	0.020132	0.0193155	0.496962	
0.00243251	0.976618	0.0676089	0.808114	0.0102401	0.497615	
0.00944694	0.51836	0.0597978	0.838002	0.0247935	0.497082	
0.764061	0.064178	0.125146	0.000853528	0.0106727	0.00043979	0.49893	
0.764061	0.00217136	0.765909	0.0168456	0.496849	
0.00135118	0.970257	0.00393265	0.761603	0.0483753	0.497893	
0.00194937	0.965937	0.0555911	0.0012488	0.0312194	0.491955	
0.764061	0.0526614	0.650324	0.05207	0.487818	
0.764061	0.00115558	0.283353	0.798235	0.00771153	0.497818	
0.764061	0.0179272	0.811681	0.017384	0.497887	
0.0199052	0.832704	0.0324388	0.176149	0.409127	0.49733	
0.764061	0.0405508	0.714203	0.0492925	0.498042	
0.764061	0.0539012	0.84202	0.0113582	0.496444	
0.764061	0.0233191	0.328125	0.0241058	0.491485	
0.00111894	0.93598	0.0618742	0.0824676	0.243256	0.47726	
0.764061	0.0603378	0.799664	0.0180125	0.497565	
0.764061	0.0532461	0.732929	0.0532036	0.497909	
0.764061	0.0495426	0.696419	0.0135095	0.495462	
0.764061	0.0559049	0.815029	0.0182379	0.497882	
0.764061	0.0627541	0.724255	0.0179977	0.497835	
0.764061	0.0700998	0.899779	0.0766554	0.498079	
0.764061	0.0591156	0.709069	0.0714344	0.497963	
0.00124058	0.926487	0.0588779	0.0922321	0.0825686	0.497723	
0.764061	0.0645839	0.946873	0.0180401	0.485938	
0.764061	0.0563547	0.35753	0.332087	0.497818	
0.00296774	0.987591	0.0123226	0.93098	0.0171322	0.497956	
0.764061	0.0491804	0.64839	0.0516735	0.496649	
0.764061	0.0345924	0.286772	0.0272091	0.498052	
0.764061	0.00348584	0.00115704	0.233211	0.0983732	0.497915	
0.764061	0.0663635	0.732555	0.0167103	0.497923	
0.764061	0.0662479	0.758986	0.0746925	0.498088	
0.764061	0.039142	0.682796	0.0102485	0.497939	
0.764061	0.000551432	0.243021	0.227747	0.496516	
0.764061	0.0562842	0.148897	0.182617	0.497807	
0.764061	0.0334765	0.711472	0.0269397	0.484726	
0.764061	0.0174638	0.804513	0.0751901	0.498094	
0.764061	0.0408224	0.423344	0.0104701	0.496879	
0.764061	0.0350998	0.110337	0.10231	0.497688	
0.764061	0.0535601	0.119853	0.236689	0.495535	
0.764061	0.0615298	0.638124	0.00332988	0.497705	
0.764061	0.0532044	0.721783	0.00257874	0.497581	
0.764061	0.0525966	0.0057711	0.127946	0.498012	
0.764061	0.0376283	0.0937259	0.294832	0.495855	
0.764061	0.0639732	0.906104	0.020723	0.497838	
0.764061	0.0573779	0.384512	0.019111	0.497987	
0.00146324	0.97506	0.0460482	0.757244	0.0735731	0.497876	
0.764061	0.0401428	0.806558	0.0477352	0.497854	
0.764061	0.0546698	0.660828	0.0523934	0.496299	
0.764061	0.0299963	0.576276	0.00983536	0.497705	
0.00134005	0.0114757	0.0010007	0.0631952	0.874655	0.0104819	0.49767	
0.00165789	0.93742	0.02854	0.26465	0.00655584	0.494898	
0.764061	0.0345062	0.224695	0.235994	0.497642	
0.00805802	0.0939183	0.049514	0.461713	0.0188258	0.497758	
0.00130143	0.956817	0.0273558	0.191154	0.0382373	0.49811	
0.764061	0.000627875	0.299334	0.094809	0.497902	
0.764061	0.0536967	0.868727	0.0104379	0.496935	
0.764061	0.0546774	0.0621566	0.0751271	0.498052	
0.764061	0.0550476	0.725456	0.00325481	0.496441	
0.764061	0.00968486	0.715765	0.0455781	0.497523	
0.764061	0.0329078	0.784389	0.0847428	0.498033	
0.764061	0.0461929	0.000460869	0.0107029	0.497971	
0.764061	0.057077	0.598753	0.0130839	0.497796	
0.764061	0.00386787	0.468545	0.00135247	0.497805	
0.764061	0.0397552	0.856388	0.0471084	0.497729	
0.764061	0.0573623	0.313673	0.220688	0.497882	
0.764061	0.058612	0.661336	0.0122249	0.49779	
0.764061	0.0591182	0.512383	0.00723467	0.497859	
0.764061	0.0539107	0.00182694	0.0939723	0.496427	
0.764061	0.0623226	0.045252	0.112065	0.496992	
0.00399081	0.984891	0.0106889	0.946741	0.0223302	0.497	
0.764061	0.0657598	0.729287	0.0183116	0.497978	
0.764061	0.0662654	0.874991	0.0762268	0.498115	
0.764061	0.0393289	0.626761	0.0217931	0.497969	
0.764061	0.0395629	0.590573	0.0437933	0.497798	
0.764061	0.0102684	0.192662	0.131576	0.497744	
0.764061	0.00213188	0.142868	0.201689	0.49788	
0.764061	0.0584608	0.459956	0.038112	0.497469	
0.00383554	0.980043	0.0564352	0.867585	0.0883977	0.497967	
0.00165789	0.936938	0.0569194	0.530883	0.071661	0.49778	
0.764061	0.0617491	0.768923	0.0748895	0.497916	
0.764061	0.00716265	0.323512	0.0688211	0.49782	
0.764061	0.0188124	0.117725	0.0841026	0.497665	
0.764061	0.0626551	0.830744	0.0240897	0.428962	
0.764061	0.0285047	0.262341	0.40776	0.497794	
0.764061	0.0645818	0.67956	0.0228759	0.497926	
0.764061	0.0327577	0.785816	0.0268798	0.497828	
0.764061	0.0674625	0.843413	0.0549887	0.494309	
0.764061	0.0557577	0.122408	0.398731	0.497201	
0.00442238	0.0462037	0.823999	0.0474081	0.573857	0.00986387	0.49801	
0.764061	0.0660398	0.00290842	0.752001	0.00846574	0.49738	
0.00250282	0.963203	0.0660412	0.752231	0.0456946	0.49753	
0.764061	0.0536097	0.820273	0.0471238	0.496844	
0.764061	0.0589473	0.765812	0.0167125	0.497965	
0.00383554	0.909173	0.0508005	0.143078	0.193408	0.497914	
0.764061	0.0517814	0.396627	0.0480749	0.497928	
0.764061	0.0496883	0.164066	0.235529	0.497734	
0.0160008	0.0503234	0.025283	0.0762757	0.264143	0.49535	
0.764061	0.0346206	0.289437	0.113731	0.497876	
0.00433697	0.976506	0.0693288	0.866295	0.0217333	0.497806	
0.764061	0.0544534	0.198176	0.330091	0.497533	
0.764061	0.0461361	0.0621179	0.221339	0.4977	
0.764061	0.0215391	0.00445705	0.609225	0.0510712	0.497744	
0.764061	0.0545762	0.194261	0.408395	0.49581	
0.764061	0.0605432	0.188859	0.352232	0.497041	
0.764061	0.0533818	0.76092	0.0238605	0.497645	
0.00236361	0.804544	0.0567853	0.275865	0.411827	0.497373	
0.764061	0.0395568	0.872137	0.010328	0.498005	
0.764061	0.0513158	0.115566	0.208232	0.497792	
0.764061	0.0574975	0.246871	0.00174344	0.0219316	0.49798	
0.0029092	0.977451	0.04593	0.792806	0.0465207	0.497445	
0.764061	0.058867	0.759275	0.0275948	0.483333	
0.00142643	0.0796923	0.648057	0.0467555	0.113656	0.230156	0.49796	
0.764061	0.045931	0.757252	0.0858888	0.497888	
0.00433697	0.955632	0.0493573	6.99349e-05	0.652828	0.0520593	0.496156	
0.00495313	0.541825	0.0566875	0.401592	0.00897721	0.497853	
0.764061	0.0395842	0.585998	0.00315987	0.497765	
0.764061	0.00672489	0.796673	0.0230233	0.49699	
0.0199052	0.114453	0.0537782	0.610323	0.028865	0.497985	
0.00256502	0.906031	0.059719	0.411021	0.00693977	0.497306	
0.00151311	0.982985	0.0315122	0.799203	0.0473977	0.497432	
0.764061	0.063393	0.873947	0.0330042	0.497757	
0.764061	0.0339273	0.0269937	0.637784	0.0324003	0.497848	
0.00270526	0.964832	0.0644864	0.0648639	0.234688	0.497604	
0.764061	0.0515245	0.0957214	0.0541893	0.497797	
0.764061	0.0102091	0.158866	0.0496995	0.494472	
0.764061	0.0407472	0.212334	0.449916	0.497845	
0.764061	0.0170204	0.000777998	0.874627	0.0894603	0.496389	
0.00944694	0.0313483	0.0534204	0.326303	0.0402817	0.497913	
0.764061	0.0163799	0.904171	0.013554	0.497875	
0.764061	0.0533907	0.146959	0.0161966	0.497752	
0.764061	0.0160718	0.0856015	0.0725932	0.498042	
0.764061	0.0540805	0.625644	0.0299816	0.498031	
0.764061	0.0347152	0.575984	0.00300694	0.497722	
0.764061	0.0135223	0.00264332	0.0836515	0.136992	0.497054	
0.00487317	0.976595	0.0633965	0.87451	0.0230619	0.497226	
0.764061	0.0573391	0.623365	0.051507	0.4979	
0.00146324	0.960789	0.0406335	0.673062	0.0114377	0.497729	
0.764061	0.00327393	0.154665	0.211952	0.497904	
0.00420692	0.978079	0.0506395	0.866539	0.0217543	0.497027	
0.764061	0.0515033	0.347217	0.11873	0.497946	
0.764061	0.00900268	0.00682971	0.872525	0.00612442	0.49775	
0.764061	0.0556011	0.767481	0.0240321	0.497977	
0.764061	0.00338061	0.199331	0.402598	0.487977	
0.764061	0.0659494	0.747442	0.0200498	0.497928	
0.764061	0.00709143	0.600695	0.0442335	0.496865	
0.764061	0.00743101	0.79292	0.0848011	0.497594	
0.764061	0.0289682	0.296702	0.229554	0.497491	
0.764061	0.0579528	0.678681	0.00400384	0.49635	
0.764061	0.0533552	0.761012	0.0191961	0.498004	
0.764061	0.0135177	0.188797	0.228289	0.497787	
0.0012131	0.978166	0.0655935	0.856365	0.0250032	0.498021	
0.764061	0.0644257	0.806158	0.0258442	0.497829	
0.764061	0.0528919	0.202777	0.339116	0.497807	
0.764061	0.040796	0.559048	0.0780964	0.498031	
0.764061	0.0639215	0.901084	0.0117818	0.497907	
0.00255679	0.881155	0.0630087	0.737445	0.0199915	0.497819	
0.764061	0.0528552	0.17126	0.0972911	0.495964	
0.764061	0.0618883	0.524487	0.0716389	0.497878	
0.0025111	0.91425	0.0118577	0.723321	0.0486207	0.497682	
0.00420692	0.964694	1.86766e-05	0.760074	0.0261886	0.497891	
0.764061	0.0109325	0.743817	0.086923	0.498059	
0.0046647	0.951535	0.0528669	0.659188	0.0321473	0.497891	
0.0199052	0.85204	0.0124963	0.731314	0.00953437	0.497125	
0.764061	0.0568474	0.578355	0.001092	0.497729	
0.00420692	0.975964	0.0610834	0.853551	0.0759174	0.497286	
0.764061	0.0651509	0.729782	0.0101238	0.497029	
0.764061	0.037358	0.867682	0.0229699	0.496835	
0.764061	0.063768	0.135116	0.362278	0.497608	
0.00805802	0.116909	0.0490026	0.769998	0.0238725	0.497962	
0.764061	0.050236	0.795172	0.0476619	0.496841	
0.00805802	0.0894853	0.0193521	0.509628	0.0191294	0.497919	
0.764061	0.0386809	0.751702	0.0180125	0.497938	
0.764061	0.01329	0.681657	0.00567812	0.497801	
0.00296774	0.921611	0.0563042	0.479763	0.0495053	0.497964	
0.764061	0.0461922	0.661933	0.0321533	0.49788	
0.764061	0.0619826	0.131215	0.240712	0.497635	
0.764061	0.0534581	0.0621649	0.0764504	0.0295226	0.497843	
0.764061	0.0538533	0.835379	0.0754948	0.497874	
0.764061	0.0280966	0.0799494	0.0726549	0.497884	
0.764061	0.0562155	0.838161	0.0873231	0.498023	
0.764061	0.0654874	0.83888	0.00697845	0.497796	
0.00151311	0.954122	0.0580147	0.618512	0.0796701	0.498048	
0.764061	0.0575619	0.642244	0.0696668	0.497985	
0.764061	0.0619792	0.676514	0.0735948	0.497652	
0.00944694	0.344318	0.0282322	0.737922	0.0487974	0.498124	
0.764061	0.063339	0.745913	0.0218368	0.497941	
0.764061	0.0662902	0.784921	0.0180139	0.496594	
0.764061	0.0460998	0.0925473	0.0689912	0.498032	
0.00243251	0.970391	0.0532638	0.729742	0.0456105	0.495937	
0.764061	0.0458534	0.816562	0.0546294	0.495999	
0.764061	0.0534911	0.786931	0.0462684	0.489236	
0.764061	0.0517307	0.264121	0.395706	0.4978	
0.00165757	0.975982	0.0540367	0.863787	0.0252275	0.489678	
9.74241e-05	0.871775	0.0605964	0.687127	0.0493305	0.498053	
0.0045254	0.96749	0.0177819	0.779783	0.00369825	0.497843	
0.764061	0.0526192	0.0730914	0.21258	0.497446	
0.764061	0.054519	0.382947	0.0401491	0.497806	
0.764061	0.0541733	0.895228	0.0182686	0.497591	
0.764061	0.0408248	0.416084	0.0397372	0.496879	
0.764061	0.0625946	0.819984	0.0229739	0.497917	
0.764061	0.0254316	0.819235	0.0862678	0.498033	
0.764061	0.000473849	0.502886	0.0762719	0.498002	
0.764061	0.0131678	0.198921	0.104717	0.497975	
0.764061	0.0287693	0.686296	0.01828	0.498014	
0.0199052	0.834151	0.0594242	0.468228	0.0115134	0.493386	
0.00133046	0.977053	0.0535235	0.915599	0.0108026	0.497976	
0.00462326	0.95703	0.0200045	0.707362	0.0218304	0.494186	
0.764061	0.055242	0.153386	0.449126	0.497334	
0.764061	0.021489	0.587473	0.00902001	0.497437	
0.764061	0.0605147	0.447815	0.0106204	0.497946	
0.764061	0.0231897	0.915653	0.0193314	0.0103332	0.497926	
0.764061	0.0212577	0.0778779	0.102065	0.497967	
0.764061	0.0499552	0.362892	0.223675	0.497339	
0.00299919	0.942199	0.00133317	0.703762	0.028076	0.497749	
0.764061	0.0668866	0.790496	0.015022	0.49774	
0.764061	0.0664297	0.104182	0.226334	0.495914	
0.0034573	8.3881e-05	0.862383	0.0617962	0.521727	0.0429871	0.497861	
0.764061	0.0662931	0.792194	0.0241818	0.497766	
0.764061	0.0559103	0.815854	0.0753865	0.49636	
0.764061	0.019755	0.742524	0.0833863	0.497977	
0.764061	0.0459253	0.0940492	0.4029	0.496351	
0.764061	0.0564168	0.329018	0.0976084	0.497051	
0.00126985	0.961404	0.0645145	0.695504	0.00828948	0.497709	
0.764061	0.0646818	0.792929	0.0859443	0.497893	
0.764061	0.0630511	0.618865	0.0691675	0.497997	
0.764061	0.0638986	0.213276	0.228149	0.490099	
0.00146324	0.98295	0.0631041	0.856301	0.0233068	0.497536	
0.764061	0.0403251	0.764184	0.0535429	0.497751	
0.764061	0.0383985	0.785553	0.0850569	0.497796	
0.764061	0.0535529	0.803277	0.0243249	0.494801	
0.764061	0.0651813	0.710546	0.0123967	0.497445	
0.764061	0.0502495	0.815309	0.00472424	0.497801	
0.00460043	0.978161	0.0535456	0.88145	0.0484614	0.497592	
0.764061	0.0487837	0.235966	0.23387	0.49793	
0.764061	0.0218595	0.0766266	0.403786	0.497924	
0.764061	0.0524194	0.62899	0.0799834	0.496687	
0.764061	0.040733	0.214393	0.440013	0.497339	
0.764061	0.0460013	0.780597	0.00190335	0.497759	
0.764061	0.0506796	0.87273	0.0890082	0.498051	
0.00442238	0.966126	0.0404218	0.000480324	0.735677	0.0213246	0.497943	
0.764061	0.0461224	0.0602345	0.0270675	0.497967	
0.764061	0.0544949	0.068726	0.239122	0.497916	
0.764061	0.0107587	0.844352	0.023708	0.497006	
0.764061	0.058936	0.568	0.0337819	0.497858	
0.764061	0.0592902	0.111979	0.013425	0.489299	
0.000216293	0.79838	0.0523806	0.580558	0.0317789	0.496657	
0.764061	0.0235647	0.222281	0.0625596	0.497859	
0.00440341	0.976853	0.0658653	0.862331	0.0217727	0.497843	
0.0160008	0.556298	0.0563291	0.115247	0.216686	0.497343	
0.764061	0.016204	0.285704	0.0342712	0.489606	
0.764061	0.0382164	0.116159	0.0773993	0.496336	
0.00383554	0.955006	0.0527714	0.634194	0.0733466	0.49774	
0.0199052	0.842746	0.0329995	0.701835	0.0493657	0.498118	
0.0160008	0.345067	0.0574764	0.453878	0.0148548	0.497454	
0.764061	0.0617015	0.537485	0.0299219	0.498096	
0.764061	0.00998697	0.523768	0.0196803	0.497976	
0.000793104	0.966689	0.0608475	0.71121	0.00100661	0.497592	
0.00407832	0.942326	0.0634869	0.0819792	0.0720978	0.496462	
0.764061	0.0321784	0.827622	0.024737	0.49779	
0.764061	0.0676974	0.842116	0.000667486	0.028005	0.495619	
0.00462326	0.959196	0.0200774	0.71107	0.00150602	0.497696	
0.764061	0.0518278	0.259336	0.0900084	0.497332	
0.764061	0.0646013	0.699333	0.00206821	0.120084	0.494771	
0.764061	0.0475581	0.0891231	0.015333	0.0288822	0.493321	
0.764061	0.0566473	0.10228	0.192589	0.493617	
0.764061	0.0573154	0.620935	0.00397606	0.497664	
0.764061	0.0501913	0.801977	0.0180139	0.492419	
0.764061	0.000575778	0.800864	0.0141664	0.497885	
0.764061	0.0287801	0.494128	0.0495873	0.497952	
0.764061	0.0588705	0.684861	0.00367769	0.497856	
0.00243251	0.984385	0.0602845	0.876593	0.0556523	0.497833	
0.764061	0.0334554	0.699597	0.0185746	0.498029	
0.764061	0.0521328	0.262987	0.211566	0.49648	
0.764061	0.0496542	0.0198056	0.127799	0.0388203	0.4976	
0.00148298	0.954069	0.0596089	0.622153	0.0798712	0.498041	
0.764061	0.0295877	0.357698	0.00386159	
0.764061	0.0239244	0.407083	0.0145386	0.497758	
0.00944694	0.329744	0.0193736	0.190095	0.379899	0.495338	
0.764061	0.0507317	0.430584	0.0308278	0.495016	
0.00463601	0.948305	0.0211522	0.638903	0.0500525	0.493859	
0.0160008	0.548125	0.0438952	0.624216	0.0179105	0.497951	
0.764061	0.0402495	0.787308	0.026813	9.1663e-05	0.496989	
0.764061	0.0533243	0.751154	0.074611	0.498105	
0.764061	0.0568134	0.0987917	0.091868	0.498091	
0.00805802	0.672049	0.0632087	0.747292	0.0266421	0.498056	
0.764061	0.0129494	0.676488	0.0701264	0.497998	
0.764061	0.058736	0.0347295	0.0638587	0.0448926	0.497425	
0.764061	0.033003	0.736886	0.0837108	0.498051	
0.764061	0.0657555	0.860238	0.0765318	0.497518	
0.764061	0.0506449	0.875937	0.0103512	0.497888	
0.00387919	0.630609	0.0460205	0.459377	0.0427555	0.497915	
0.0199052	0.818181	0.0540409	0.540077	0.0061873	0.497853	
0.764061	0.057285	0.297283	0.244526	0.00690622	0.497972	
0.764061	0.0481867	0.499201	0.065721	0.497985	
0.764061	0.0307243	0.0617876	0.0209956	0.498136	
0.764061	0.0682236	0.832993	0.0180953	0.497891	
0.764061	0.00793734	0.737239	0.0180083	0.497953	
0.00433697	0.965365	0.059625	0.748708	0.0533157	0.497629	
0.764061	0.0601318	0.0873614	0.432537	0.497406	
0.764061	0.0120671	0.768383	0.0258766	0.497702	
0.764061	0.050198	0.80819	0.0202376	0.497915	
0.764061	0.000723082	0.540082	0.0773439	0.497691	
0.764061	0.0612215	0.621447	0.0203354	0.49792	
0.764061	0.0401127	0.815062	0.0463968	0.497564	
0.764061	0.0594786	0.80974	0.0753499	0.49716	
5.30159e-05	0.000171331	0.953034	0.0204587	0.671204	0.00367745	0.497858	
0.764061	0.0381915	0.774527	0.00999924	0.497926	
0.764061	0.0536908	0.857938	0.088229	0.498	
0.00383554	0.977385	0.062834	0.83621	0.0757812	0.497497	
0.764061	0.0404025	0.1222	0.145074	0.496515	
0.764061	0.00314006	0.78572	0.0244563	0.497402	
0.764061	0.0502863	0.118615	0.132977	0.498026	
0.00289186	0.967736	0.06294	0.734127	0.0116753	0.496554	
0.0015454	0.955516	0.061626	0.663503	0.0733336	0.498045	
0.00255679	0.962274	0.0099768	0.840627	0.0476253	0.497663	
0.764061	0.0461915	0.642178	0.0736165	0.497981	
0.00944694	0.289592	0.0560608	0.110205	0.448991	0.49763	
0.764061	0.0653987	0.0384625	0.370434	0.497235	
0.764061	0.0639457	0.639305	0.0159396	0.497947	
0.764061	0.0202642	0.555118	0.0504559	0.497658	
0.00429121	0.979678	0.045623	0.854343	0.0110263	0.494935	
0.764061	0.0539379	0.844875	0.0328876	0.497815	
0.00289186	0.982887	0.0374257	0.845445	0.0460292	0.482119	
0.764061	0.0516744	0.38795	0.0516769	0.497993	
0.00165579	0.959872	0.0579325	0.668108	0.0134388	0.497859	
0.00193901	0.977157	0.0594393	0.808137	0.0202874	0.497845	
0.0199052	0.856295	0.0530659	0.0769083	0.215504	0.000437095	0.499099	
0.764061	0.0656959	0.8602	0.0759328	0.49419	
0.764061	0.0519254	0.514954	0.0509942	0.49751	
0.764061	0.0513455	0.438477	0.018752	0.497992	
0.764061	0.0497443	0.738658	0.0489852	0.497872	
0.764061	0.0624895	0.227883	0.0911969	0.49791	
0.0199052	0.873966	0.0146974	0.717337	0.018002	0.497956	
0.764061	0.0538994	0.841877	0.0248276	0.497968	
0.000626294	0.974005	0.053671	0.838641	0.0762287	0.497824	
0.764061	0.0210238	0.101965	0.136593	0.497919	
0.764061	0.0461778	0.696731	0.00325498	0.497341	
0.00135118	0.96127	0.0625802	0.714322	0.0265863	0.498146	
0.00242339	0.981874	0.00299664	0.844324	0.0463479	0.497832	
0.764061	0.0172799	0.775273	0.0107647	0.496258	
0.764061	0.0573829	0.0521454	0.38311	0.49758	
0.764061	0.0472717	0.0123647	0.0633385	0.4978	
0.764061	0.0047076	0.384189	0.0103441	0.497383	
0.764061	0.00248279	0.326103	0.377419	0.49784	
0.764061	0.0685249	0.0921939	0.222469	0.497085	
0.00289186	0.0207838	0.726646	0.0356201	0.732439	0.00919876	0.497893	
0.764061	0.00395713	0.282197	0.30766	0.497887	
0.764061	0.0287036	0.0222988	0.699027	0.0299433	0.496435	
0.764061	0.061831	0.903497	0.0481281	0.497517	
0.764061	0.0591482	0.784244	0.0225372	0.49716	
0.764061	0.059768	0.835115	0.0103266	0.498015	
0.764061	0.067481	0.836123	0.0154129	0.497934	
0.764061	0.0461824	0.675101	0.0230738	0.496955	
0.764061	0.0108942	0.446715	0.0314082	0.0952955	0.497991	
0.764061	0.00390259	0.762747	0.0218858	0.497776	
0.0046647	0.942945	0.0581043	0.627029	0.0023327	0.497823	
0.764061	0.0209553	0.219568	0.0113663	0.497457	
0.0160008	0.331252	0.0533177	0.658625	0.0321027	0.497898	
0.764061	0.0501546	0.790911	0.0850067	0.497904	
0.764061	0.0593744	0.528054	0.0665175	0.497968	
0.00433697	0.944873	0.0524197	0.588239	0.00185832	0.497875	
0.764061	0.028835	0.285975	0.11283	0.497851	
0.764061	0.0536611	0.809107	0.015404	0.497931	
0.0160008	0.568722	0.0602461	0.203741	0.235704	0.497851	
0.00227927	0.960702	0.0125999	0.0447145	0.413539	0.497811	
0.764061	0.056516	0.856932	0.00292984	0.493641	
0.764061	0.0504162	0.842586	0.0468162	0.497393	
0.764061	0.0549994	0.720153	0.052899	0.497597	
0.764061	0.0122339	0.738586	0.0490427	0.498128	
0.00279747	0.970202	0.0172305	0.80935	0.0767615	0.497978	
0.764061	0.0617851	0.775702	0.0256147	0.486432	
0.00460043	0.965233	0.0501501	0.122727	0.0321995	0.498129	
0.0046647	0.9643	0.0198621	0.1611	0.00759677	0.49444	
0.764061	0.0561378	0.837265	0.07569	0.498106	
0.764061	0.0484237	0.258484	0.00406647	0.0417118	0.497876	
0.764061	0.0520847	0.581821	0.0291284	0.49447	
0.764061	0.0179894	0.816343	0.0755998	0.497959	
0.764061	0.038407	0.131037	0.000882836	0.474588	
0.764061	0.0144366	0.825834	0.0130982	0.496946	
0.764061	0.0559981	0.824556	0.0755032	0.497996	
0.764061	0.0406869	0.650458	0.0731865	0.497912	
0.764061	0.0527053	0.605407	0.00922504	0.497992	
0.764061	0.0616475	0.00940726	0.0734381	0.497692	
0.764061	0.0579832	0.22712	0.0274436	0.498017	
0.764061	0.0218444	0.562489	0.0344852	0.496251	
0.764061	0.0613655	0.631898	0.00558542	0.494777	
0.764061	0.0455226	0.367918	0.0308361	0.497901	
0.764061	0.0112765	0.78138	0.0100795	0.497973	
0.764061	0.0495522	0.692458	0.0709982	0.497972	
0.764061	0.0206112	0.67653	0.0281483	0.478403	
0.764061	0.0579915	0.6181	0.00854448	0.497934	
0.00433697	0.96597	0.0194979	0.764978	0.0264395	0.495691	
0.764061	0.028396	0.111939	0.0982674	0.497886	
0.00256502	0.968134	0.0177304	0.0801393	0.418229	0.411322	
0.764061	0.00164042	0.734718	0.0221833	0.497786	
0.764061	0.0353216	0.470077	0.00103068	0.49605	
0.000533193	0.763149	0.0344428	0.755118	0.0109481	0.495579	
0.764061	0.0638333	0.664175	0.00141893	0.496008	
0.764061	0.060336	0.801656	0.010143	0.497946	
0.764061	0.0588892	0.57003	0.0508364	0.497832	
0.764061	0.0198541	0.212531	0.23469	0.497958	
0.764061	0.0408009	0.403763	0.0110519	0.497761	
0.0160008	0.25543	0.0469047	0.855175	0.0768757	0.497964	
