1	7.71664e-06
0.00299849	0.000206728
0.149339	0.0124999
3.90567	0.504965
4.83595	2.58131
5.9629	2.66263
6.96255	2.69528
7.91064	3.08573
8.99231	3.55694
9.99295	3.66544
10.9902	3.84681
11.714	6.98667
12.983	7.55004
13.6874	10.1761
14.5326	10.9439
15.9504	14.1155
16.9901	14.2599
17.989	14.7789
18.9924	15.648
19.9928	16.2092
20.9934	16.2576
21.9941	16.267
22.9946	16.2935
23.9944	16.6439
24.9841	17.6732
25.9946	18.269
26.9952	18.3536
27.9946	18.6502
28.977	20.9345
29.9737	23.929
30.9947	23.9898
31.9597	26.492
32.9802	29.1288
33.9881	29.6268
34.5403	33.0746
35.9898	34.497
36.9873	35.7315
37.9943	36.0212
38.9947	36.0346
39.9941	36.8654
40.992	37.4063
41.9944	37.4118
42.9945	37.4754
43.9953	37.8334
44.9954	38.0812
45.9951	38.2896
46.9954	38.9777
47.995	39.829
48.9668	41.8001
49.9947	42.6284
50.9408	45.49
51.9869	45.6811
52.9939	45.6953
53.9872	46.5317
54.7056	49.5411
55.8736	55.1562
55.7096	57.765
57.9687	59.8188
58.9771	60.6105
59.9869	60.6293
60.9717	62.4112
61.9899	63.4613
62.9879	64.1266
63.9919	65.6612
64.9929	66.5124
65.9937	66.561
66.9917	67.2557
67.9939	67.2609
68.9948	67.3725
69.9852	69.76
70.9707	73.712
71.9936	75.1235
72.993	76.807
73.9934	77.1741
74.9952	77.7819
75.992	79.0446
76.9925	79.4371
77.7945	86.1425
78.9912	86.4778
79.9912	87.1763
80.9945	87.4073
81.995	87.4858
82.9062	92.3944
83.9885	92.5374
84.9923	92.5466
85.9753	94.6463
86.9909	94.8233
87.9874	95.5834
88.9914	96.6925
89.9915	97.9568
90.9931	98.0782
91.9934	98.1835
92.9916	99.5138
93.9931	101.113
94.9916	101.896
95.9943	102.096
96.9933	102.882
97.9908	103.548
98.9938	104.406
99.9684	107.099
100.994	108.206
101.995	108.417
102.995	108.492
103.995	108.652
104.995	108.653
105.985	111.198
106.988	111.699
107.994	111.728
108.994	113.136
109.986	114.402
110.994	114.428
111.991	115.207
112.995	115.268
113.993	115.864
114.994	116.788
115.995	116.821
116.995	117.059
117.995	117.105
118.975	120.125
119.992	120.167
120.993	121.383
121.624	126.048
122.98	126.562
123.34	130.371
124.87	131.223
125.969	131.378
126.984	131.892
127.986	132.835
128.989	132.933
129.99	132.987
130.992	132.991
131.994	133.357
131.963	139.724
133.316	141.789
134.712	142.849
135.792	143.42
136.956	145.055
137.901	148.697
137.904	151.715
137.225	151.718
135.856	150.256
117.969	127.038
135.801	140.884
117.243	134.588
115.208	129.35
131.765	142.936
139.071	148.911
133.14	144.792
143.168	154.144
144.811	155.172
129.532	150.185
134.604	155.255
148.135	169.505
151.024	172.205
150.285	175.06
146.712	171.824
142.307	166.705
120.521	141.372
93.2388	108.198
83.265	95.4206
77.2343	88.8095
79.598	90.0341
80.8984	90.2738
103.294	111.144
120.298	126.705
128.192	133.161
128.516	133.166
127.844	132.62
136.703	140.165
140.005	144.477
142.988	146.491
144.022	146.707
145.202	147.019
146.552	147.452
148.952	148.822
150.499	149.364
152.45	150.287
151.739	151.144
154.091	155.308
154.284	156.248
156.057	157.001
157.243	157.424
158.712	160.175
160.14	160.66
160.92	161.78
162.308	162.642
163.436	163.984
164.259	165.332
165.507	166.129
166.538	167.46
167.81	167.813
168.373	170.067
169.633	170.387
168.739	174.431
170.36	175.243
171.575	176.474
172.62	177.102
173.911	177.436
174.457	179.206
175.651	179.535
176.933	179.819
178.223	180.152
179.503	180.607
180.732	180.895
182.015	181.18
183.271	181.444
184.557	181.741
185.326	182.943
186.517	183.833
187.738	184.122
188.949	184.42
189.517	187.41
190.127	189.513
190.998	191.329
191.812	193.463
193.074	193.758
194.152	194.366
195.332	195.053
196.535	195.596
197.631	196.174
198.491	197.328
199.283	198.556
200.559	198.88
201.779	199.146
202.717	200.018
203.907	200.322
205.052	201.221
203.339	207.198
205.17	208.679
206.137	209.491
207.377	209.745
208.608	210.161
209.846	210.401
211.067	210.874
211.797	213.276
212.944	213.794
214.177	214.026
214.462	217.863
215.768	218.301
216.924	218.967
217.785	220.454
218.907	221.157
220.185	221.539
221.44	221.809
222.664	222.114
223.23	224.625
224.376	225.452
225.431	226.415
226.595	226.815
227.34	228.458
228.556	228.713
229.174	231.595
230.403	231.839
230.904	234.849
231.997	235.745
233.201	235.972
234.183	237.232
235.337	237.694
235.465	241.27
236.773	241.95
238.02	242.339
239.159	242.772
239.437	245.956
240.361	246.759
241.632	248.378
242.802	248.647
242.322	253.689
243.984	254.61
244.284	256.667
245.628	257.123
246.69	257.475
241.685	257.807
224.111	237.426
220.801	234.366
221.637	230.173
239.727	245.266
249.39	253.812
251.809	255.159
252.986	255.547
253.882	257.208
255.182	257.549
256.439	257.775
257.699	257.867
258.76	264.317
259.93	271.689
261.353	273.199
262.519	273.645
263.603	274.086
264.629	274.306
265.708	274.413
266.754	274.451
267.56	275.887
268.583	275.909
269.614	275.965
270.582	275.954
271.503	276.218
272.443	277.102
273.449	278.278
274.492	278.318
275.522	278.334
276.554	278.369
277.549	279.576
278.57	279.602
279.579	280.336
280.603	280.368
281.621	280.525
282.646	280.763
283.664	280.771
284.68	280.99
285.705	281.813
286.537	286.388
287.756	286.689
288.774	286.714
289.784	286.741
290.794	287.257
291.802	287.387
292.816	288.675
293.769	291.563
294.804	292.305
295.871	293.128
296.886	293.237
297.905	293.572
298.915	293.578
299.897	295.53
300.123	299.722
301.85	300.686
302.523	302.82
303.862	303.393
304.894	303.807
305.878	305.252
306.604	308.957
306.415	310.165
307.766	311.25
300.317	304.923
309.396	315.163
311.359	317.242
312.34	318.34
313.334	318.664
314.381	320.901
315.636	322.274
316.664	322.854
317.575	326.063
318.372	326.875
319.835	329.929
320.855	330.026
321.861	330.041
322.865	330.061
323.864	330.154
324.846	331.274
325.856	331.434
326.878	332.641
327.877	332.66
328.87	332.758
329.862	332.789
330.824	335.404
331.832	335.426
332.82	335.491
333.86	337.266
334.857	337.268
335.836	337.927
314.999	325.636
335.731	339.917
330.42	335.712
322.652	325.492
323.081	325.274
328.405	327.823
331.351	329.368
334.399	331.153
336.573	332.739
337.725	332.984
338.971	333.202
338.646	333.059
343.03	338.41
343.505	338.36
346.915	341.884
348.523	342.439
349.962	342.83
351.029	343.057
352.581	343.794
353.927	344.671
355.045	344.786
355.943	346.079
357.141	346.825
358.227	347.255
359.251	347.89
360.311	348
361.346	348.21
362.352	349.63
363.377	349.869
364.414	349.943
365.42	350.513
366.399	351.455
367.437	352.202
368.467	352.23
369.45	354.368
370.472	354.714
371.46	355.594
371.989	358.29
373.413	359.319
374.433	360.634
375.464	360.734
376.466	361.594
377.494	361.933
378.517	362.049
379.542	362.073
380.56	362.244
381.582	362.293
382.596	362.903
383.564	364.893
384.413	369.702
385.501	370.266
386.434	372.87
387.479	372.975
388.418	376.033
389.443	376.638
390.477	376.688
391.497	376.916
392.522	376.944
393.544	377.009
394.541	377.992
395.559	378.139
396.582	378.163
397.499	381.68
398.537	382.432
399.553	382.822
400.57	383.087
401.575	383.824
402.58	384.441
403.577	385.733
404.581	386.555
405.35	389.83
405.548	391.354
407.485	393.408
408.489	393.97
409.404	395.622
410.256	396.752
410.928	397.697
412.355	398.494
413.126	400.265
414.333	400.785
415.295	401.66
415.917	403.662
416.789	404.049
418.221	405.453
414.288	410.257
414.571	410.879
419.921	417.029
420.481	417.42
422.103	418.175
423.202	418.373
424.558	418.996
425.688	419.15
426.772	419.293
427.532	420.987
428.819	423.48
429.813	424.709
427.888	429.084
430.321	431.134
428.042	430.123
432.237	434.816
433.705	435.391
435.146	436.086
436.242	436.211
437.032	436.566
433.088	439.082
436.844	442.689
427.783	437.581
419.435	428.155
409.369	415.542
406.785	412.375
417.006	425.682
418.939	427.014
414.528	421.031
413.558	418.878
424.61	431.827
426.332	432.836
414.728	419.713
433.173	443.353
428.92	437.918
425.398	433.028
419.524	425.444
412.382	416.023
428.532	439.013
422.27	431.07
424.424	432.665
424.232	431.357
430.509	438.261
432.598	439.692
421.53	427.558
438.263	450.905
446.782	460.892
454.437	472.082
451.573	471.304
454.752	474.09
454.298	472.699
453.178	470.63
453.485	469.939
456.497	472.472
457.298	472.317
456.819	470.847
