0.999621
1.05672
1.07684
1.04887
1.10175
1.06998
1.06366
1.01666
1.05525
1.12041
1.03306
0.984053
1.04534
1.03289
0.974355
0.968486
1.11553
1.02471
1.01276
1.16098
0.982847
1.08094
0.995556
1.13092
1.00235
1.0282
1.03876
1.06945
1.07921
1.0451
1.05299
0.945125
0.998976
0.968398
0.958147
0.999392
1.00742
1.00976
0.998645
1.03303
1.03002
0.951246
0.935304
0.932686
1.00501
0.992253
1.08713
1.1532
0.919385
1.02949
1.02676
1.08827
1.03648
0.96149
0.951312
1.04529
1.01866
1.0237
0.951932
1.0549
1.02951
1.00264
1.13913
1.10848
1.02368
1.11192
1.00124
1.15782
1.00568
1.14656
1.15733
1.00254
1.14917
1.08321
1.10506
1.05745
1.05699
1.07544
0.956571
1.01359
1.09103
0.995842
0.953152
1.02671
1.0325
1.13502
1.08238
0.895414
1.06531
1.02365
1.07736
0.994111
1.00165
1.03678
1.11663
1.05504
1.0957
1.11114
0.916474
1.05923
0.963037
1.00693
0.921156
1.05657
1.09988
1.00773
1.0537
1.00257
1.02313
1.08557
1.15616
1.02517
1.05067
1.03926
1.10164
0.9923
1.00838
1.03173
0.934776
1.04993
1.11488
1.01472
1.14657
1.04197
0.88299
1.07389
1.06313
0.953297
0.986743
0.970231
0.966278
1.10324
1.10624
0.991374
0.993576
0.949638
0.920754
1.01281
1.04284
0.992803
0.847657
0.964594
0.964506
1.10894
1.0671
1.10619
1.04668
1.02078
0.955357
1.1178
1.02332
0.914063
1.15911
1.12667
1.0261
1.10286
1.15598
1.10367
0.980668
0.907895
1.15796
1.04709
1.09008
1.01164
1.13859
1.15533
0.960113
1.08194
1.08672
1.0199
1.11278
0.919263
0.90046
1.05903
0.932079
1.10732
1.05269
1.00227
1.09845
1.06662
1.00267
0.990042
1.02153
0.942533
1.08668
1.1136
1.11057
0.971604
0.988837
1.07452
1.09962
1.00793
1.03086
1.11362
0.915537
1.13793
1.00538
1.12084
0.951524
1.01813
1.09526
1.19878
1.08398
1.04982
0.980299
1.19908
1.09683
1.0155
1.06954
1.04676
1.2014
0.961508
1.07064
1.08139
0.9429
1.10676
0.977711
1.03245
0.992466
1.01334
0.930857
0.985383
0.92149
1.11522
1.05481
1.03043
0.878603
1.08299
1.09314
1.0563
0.979833
1.08796
1.05591
0.934985
1.03182
0.952623
1.01402
1.15868
0.985268
0.977197
1.06859
1.01701
1.02815
0.943932
1.07967
1.06336
1.05332
1.03944
1.12991
1.09511
0.94287
0.989202
1.09779
1.03255
1.15971
0.971172
1.18715
1.05882
1.02802
1.11578
0.997762
1.08973
0.894128
1.09762
0.915268
1.01181
1.07184
0.981289
0.926678
0.94829
0.967266
0.957969
1.09166
1.1079
1.03272
1.14317
1.10134
1.00652
1.07009
1.00289
0.983776
0.943749
1.02851
0.914396
0.996576
1.13156
1.07667
1.12568
0.976352
1.00055
0.984327
0.969582
1.04989
1.07072
1.12196
1.04259
0.997691
1.1252
1.01972
1.00756
1.06234
1.17048
1.0068
1.00897
1.10235
1.19602
1.022
1.07115
1.013
1.05627
1.07172
1.00508
0.90966
1.05477
1.03999
1.01415
0.984243
1.01358
1.02644
1.13313
0.962403
1.01487
0.979085
1.19447
1.04268
1.02591
0.960285
1.09024
1.092
1.05519
0.905236
1.04691
1.09896
0.997821
1.06087
1.06389
0.966431
1.02408
1.06573
1.1535
0.965362
1.01538
1.06587
0.985194
0.932749
1.0836
1.05712
1.02161
0.974715
1.09704
1.01564
0.928555
1.0172
1.14814
1.02205
1.11364
1.0825
1.04132
1.17829
1.04083
1.11804
1.10882
1.04654
1.04678
0.984925
0.990841
1.06199
1.07244
1.15142
1.09835
1.08125
0.961303
1.17651
1.00949
1.04536
0.937005
0.903044
1.11427
1.04278
1.02082
0.951737
1.03648
0.930001
0.977781
0.971304
1.06652
0.998123
1.09306
0.971246
0.952762
1.03995
1.05355
1.03545
1.10385
1.04417
1.01509
1.00621
1.04482
1.03325
1.0402
0.917115
1.03556
0.967783
0.87509
1.05827
0.997826
1.00279
1.06221
1.00696
1.04156
1.03436
1.00977
0.987753
1.12984
1.04099
0.916322
1.10585
0.981098
1.00209
0.894265
0.964803
0.959112
1.0321
0.985977
1.0831
1.04929
0.980605
0.962941
1.01389
1.06035
1.07567
0.999078
1.0007
0.992563
1.04518
1.08269
1.02744
0.994275
1.02064
1.11152
1.1616
1.0026
1.04286
0.922462
0.974871
0.928847
1.20045
0.923903
1.04677
0.994445
0.916055
0.970967
1.04255
1.12573
0.949762
1.05333
0.973618
1.15352
1.00756
0.956467
0.915822
1.00081
1.0489
1.13824
0.980323
0.939326
1.03125
0.994623
1.08459
1.01498
0.92919
1.07241
1.01336
1.05411
0.987989
0.980781
0.976542
1.10997
1.14432
0.862388
1.025
1.13738
0.996263
1.03677
1.02232
0.963003
1.06725
0.972665
1.15034
1.05867
0.989442
0.920936
1.04504
1.08223
0.994032
1.12086
1.0714
1.09718
0.932382
1.01742
1.09616
0.952803
1.05933
1.0045
1.02042
0.903578
1.09291
0.910042
1.06239
1.1341
0.978567
1.1692
0.983043
1.11497
1.03177
1.06253
1.01868
1.01285
1.00924
1.08423
0.910295
0.964543
1.02784
0.992401
1.1086
0.930352
1.17476
1.0602
0.895647
1.05605
1.03316
0.941571
1.06694
0.954972
1.12373
1.0216
1.08548
1.01519
0.988485
1.01592
1.01242
0.984176
1.02984
1.02872
1.06416
0.963835
1.04241
1.00362
0.997656
0.950107
0.976922
0.973016
1.29096
1.0325
1.01008
1.031
0.98645
1.07865
1.06466
1.0236
0.95278
1.01514
1.00619
1.11746
0.977133
1.09545
0.995804
0.910779
1.0514
1.02553
1.12124
0.993874
1.00123
0.96476
1.06962
1.05231
0.992351
0.987761
1.14
0.902225
1.1682
0.985041
0.913262
0.941037
0.899053
1.05223
1.11792
1.0008
0.9126
0.94192
1.0213
1.00835
1.02169
0.983127
1.12239
1.00821
0.998843
0.955719
0.97861
0.968679
0.993941
0.996321
1.00642
0.997657
1.04722
0.983044
0.961917
1.03588
1.03267
0.967246
1.14021
1.09591
0.988158
1.01604
1.03629
0.981899
1.02581
0.920909
1.02946
1.11023
0.868666
1.16503
0.882112
1.0578
1.10976
1.08284
1.00498
1.00739
1.0385
1.08028
1.14487
1.02097
0.98925
1.13652
1.10437
0.994673
1.05268
1.0195
1.06087
0.958669
0.918528
1.18602
0.998938
0.989863
1.03846
1.08216
0.93579
1.09857
1.0699
1.127
1.04669
1.11874
0.94605
1.03815
1.02246
1.01562
0.997891
1.04734
1.07081
1.109
0.96177
1.11829
1.04521
1.10503
0.966334
0.982427
0.858196
1.01748
0.944462
1.05265
1.07323
1.21676
1.10811
1.11927
0.950803
1.09509
1.0004
1.15474
0.987171
0.971398
1.09687
1.04153
0.999954
0.963942
0.989459
1.07918
1.01171
1.01168
0.975083
1.00484
1.12967
1.14482
1.02711
1.0358
1.11224
0.939887
1.04729
1.01653
1.07354
1.04231
1.03532
1.00367
1.09889
0.949805
1.10864
1.07847
0.983
1.00796
1.12462
0.983111
1.04751
1.13499
1.07532
0.970788
1.0702
1.13899
0.951026
0.944396
1.06118
1.03144
1.11604
1.00849
1.06826
0.937144
1.1685
0.920241
1.00279
1.11491
1.06204
1.08136
1.06671
0.944255
1.06219
1.04519
1.15905
0.948383
1.1542
0.936525
0.99717
1.07671
1.01357
1.05951
0.99714
1.12018
1.04136
1.00828
1.04276
0.960941
0.988288
1.04239
1.08336
0.921132
1.02018
1.03712
1.09563
1.01311
1.00779
0.969783
1.04404
1.02436
1.07825
0.959171
1.01703
0.947994
1.00322
1.00322
0.988042
1.10309
1.00915
1.03636
1.11241
1.04353
0.993218
1.08562
0.971669
1.07797
0.964631
0.963484
1.06327
1.05474
1.04285
1.01807
1.01283
0.991588
1.08869
1.01453
0.974756
0.991895
1.09091
0.95272
1.03384
0.999865
1.05953
1.14943
0.93015
1.13484
0.973443
0.978225
1.10631
1.05522
1.03633
1.11361
0.907072
1.02593
1.01387
1.07181
1.12308
0.913627
1.06075
1.16232
1.03565
0.994021
0.988391
1.09747
0.991522
0.981613
1.0154
1.11887
1.14163
1.03084
0.982395
1.06188
1.05533
0.955493
1.00643
0.993839
0.98394
1.02934
0.986941
0.909477
1.07975
1.15465
1.05925
1.06474
0.991979
0.942954
1.01666
1.01312
1.04562
0.964829
1.07835
1.1013
1.07318
1.236
0.954357
1.1219
1.11868
0.984757
1.0502
1.03493
1.12252
1.08992
1.08801
1.02679
1.06361
0.975706
0.958136
1.02791
1.08663
1.02897
1.14107
1.08466
1.06298
0.991617
0.982348
1.11046
1.03719
0.943454
1.03392
1.08642
1.02929
1.06069
1.15542
1.14143
1.05568
1.1324
1.05775
1.06515
0.999204
1.01022
1.0981
1.01573
1.04817
1.04138
1.01121
0.95703
0.947685
1.1042
1.08893
1.12022
1.1106
0.925212
0.96517
1.01562
1.01288
0.951966
1.00193
0.991082
1.09288
1.0594
0.987382
0.983059
1.03752
0.983558
0.952972
0.96522
1.22855
0.981221
1.19424
1.0217
1.05058
0.942423
1.0422
0.973214
1.0249
1.05438
1.08919
0.955005
0.963652
0.950602
1.14844
1.04206
0.984749
1.05258
0.958473
1.09691
1.12417
1.02348
1.0836
1.02221
0.967417
0.961303
1.05602
1.03121
1.02965
0.957499
0.983185
1.0818
1.25649
1.14747
1.12771
0.958442
0.999475
1.10197
1.03405
0.922887
0.996853
0.97008
0.963489
1.03385
1.11928
0.992869
1.0606
1.05219
1.04782
0.994486
1.09948
1.07102
1.11325
0.964181
1.05309
1.045
0.945201
0.972419
1.02455
1.02516
0.953794
0.999302
0.994828
1.02207
0.96915
1.09862
1.07504
0.972947
0.994274
0.963645
0.976925
1.05483
1.05432
1.09104
1.0642
1.08426
1.05626
1.16365
0.994524
1.0357
1.04244
1.06396
1.00755
1.0917
0.956453
1.0157
1.11903
1.01134
1.04539
0.988224
1.07957
1.07353
1.14785
0.952187
