0.0544618
0.0546571
0.0548838
0.0543988
0.0545844
0.05272
0.0560021
0.0551846
0.0548716
0.0555493
0.0560137
0.0541962
0.0557908
0.055261
0.0555724
0.0555922
0.0552231
0.0553099
0.0556711
0.0563074
0.0542915
0.0556242
0.0554979
0.0537055
0.0551833
0.0553663
0.0539227
0.0552827
0.0550055
0.0550078
0.057587
0.0555671
0.0545732
0.0549561
0.0552488
0.0559156
0.0544295
0.0569105
0.0554696
0.0571659
0.0535099
0.0545194
0.0563271
0.055669
0.0548122
0.0562357
0.0546543
0.0551001
0.0536593
0.0559838
0.053483
0.055272
0.0571542
0.0549186
0.0558674
0.0546734
0.0555578
0.0553982
0.0551055
0.0553029
0.0551301
0.0557939
0.0547811
0.0545952
0.0550532
0.055897
0.0567043
0.0554649
0.0553581
0.0561655
0.0554729
0.0552373
0.055137
0.0551412
0.0547142
0.0555969
0.053431
0.0557948
0.0563911
0.0568508
0.055309
0.0553402
0.0562874
0.0545593
0.0539867
0.0541878
0.0546753
0.0547512
0.0548723
0.0558626
0.0539436
0.0545504
0.0557068
0.0549592
0.0542299
0.0538563
0.0548284
0.0550226
0.054966
0.0547805
0.0546493
0.0552332
0.0543273
0.0546002
0.0546822
0.0563521
0.0552856
0.0542873
0.0538634
0.0563064
0.054995
0.0541519
0.0574101
0.0553952
0.0534647
0.05547
0.0537624
0.0556701
0.0546628
0.0536911
0.0549868
0.0543664
0.0557208
0.0558092
0.0547438
0.0559195
0.0543481
0.0552587
0.0548686
0.0546286
0.0548094
0.0557406
0.0556447
0.055464
0.0538895
0.0550416
0.0558753
0.0560765
0.0555584
0.0550033
0.0558758
0.0565028
0.0556529
0.0559615
0.0554232
0.0540075
0.0551444
0.0550817
0.0545878
0.0565846
0.0544322
0.0550525
0.0546313
0.0548549
0.0553838
0.0550255
0.0563216
0.0557335
0.0552938
0.0549102
0.0552356
0.0562715
0.0549127
0.0546701
0.0565147
0.0551306
0.0537558
0.0553398
0.0549705
0.0545525
0.0545747
0.0554316
0.0559511
0.0542517
0.0559062
0.0571773
0.0555814
0.0544007
0.0541619
0.0556509
0.0563531
0.0549837
0.0543187
0.0545859
0.0554843
0.0545699
0.0547001
0.0566213
0.0552974
0.05542
0.0554374
0.0557229
0.0562109
0.055784
0.0534758
0.0538762
0.0555577
0.0545771
0.055797
0.0558891
0.053861
0.0571281
0.0566465
0.0537474
0.0562829
0.0536054
0.0563757
0.0543591
0.0566164
0.0536541
0.0535699
0.0543237
0.0553444
0.0580786
0.0559366
0.055424
0.0563059
0.0549619
0.0552689
0.0546997
0.0551737
0.0556033
0.0555944
0.0558007
0.0558751
0.0539493
0.0549572
0.0538118
0.0553318
0.0544759
0.0539686
0.0534713
0.0545249
0.0547886
0.0564139
0.0564468
0.0552795
0.055087
0.054522
0.0556223
0.0536708
0.0547572
0.0547555
0.0556887
0.0565746
0.0541645
0.0538207
0.0551782
0.0542078
0.056924
0.0553021
0.056706
0.0552149
0.055632
0.0555769
0.0535657
0.0548328
0.0529211
0.0552638
0.0541496
0.0550182
0.0556875
0.0554246
0.0537685
0.0560907
0.0566838
0.0545736
0.0548114
0.0554968
0.0542572
0.0549346
0.0538634
0.055514
0.0545925
0.0567802
0.055676
0.052954
0.0561973
0.0551781
0.0554764
0.0552454
0.0546567
0.055584
0.0550563
0.0551922
0.0547051
0.0560019
0.0546483
0.0538792
0.0562125
0.0560278
0.0531292
0.0547277
0.0553021
0.0557354
0.0560027
0.0564943
0.0570574
0.0558774
0.0557785
0.0539885
0.0547978
0.0542623
0.0544609
0.056637
0.0535068
0.0547501
0.0545886
0.055229
0.0559328
0.0559133
0.0561243
0.0544923
0.0565893
0.055564
0.0554588
0.0561019
0.0572962
0.0537028
0.0549641
0.0541273
0.0565327
0.0540515
0.0553459
0.0555682
0.0551848
0.0531439
0.0565976
0.0560797
0.055121
0.0528593
0.0555903
0.0565693
0.0551857
0.0564615
0.0545994
0.0547124
0.0551816
0.0577633
0.0557494
0.0568924
0.0550987
0.0538838
0.0575756
0.0555153
0.0547965
0.0546611
0.0556576
0.0558557
0.0545768
0.0568016
0.0545473
0.0555741
0.055263
0.0554392
0.0537842
0.0554852
0.0556286
0.0554664
0.0564114
0.0550239
0.0568157
0.055826
0.0555896
0.05508
0.0543176
0.0559445
0.0570532
0.0542286
0.0560278
0.0567004
0.0536076
0.0548302
0.0537009
0.0537114
0.0542046
0.0558041
0.0540932
0.0543285
0.0556293
0.0556013
0.0546481
0.0538654
0.0546194
0.0550608
0.0555601
0.0552308
0.054739
0.0526922
0.0584463
0.0542618
0.0560862
0.0540558
0.0552129
0.0527738
0.0552262
0.0544449
0.0542077
0.0553082
0.0568312
0.0547429
0.0554563
0.0553968
0.0537631
0.0558409
0.0544851
0.0569086
0.0559126
0.0533
0.0553467
0.0565203
0.055694
0.0539664
0.055386
0.0556486
0.0551656
0.0553356
0.0541517
0.0550804
0.0549668
0.0551924
0.0532236
0.0558954
0.0551952
0.0549407
0.0530413
0.0542011
0.0554003
0.0545101
0.054744
0.0558908
0.0553613
0.057249
0.0561585
0.0526999
0.0560864
0.0548155
0.0555308
0.0540103
0.0555096
0.056494
0.0530839
0.0564448
0.0554206
0.0557446
0.0550108
0.0565676
0.0553594
0.0545261
0.056786
0.0557026
0.0544851
0.0562996
0.0568184
0.0552712
0.0559252
0.0542294
0.0536312
0.0546309
0.0539741
0.054571
0.0546123
0.0541052
0.0536287
0.0565961
0.054903
0.0556469
0.0550492
0.0547536
0.0557072
0.054864
0.0563372
0.0546865
0.0565597
0.0559649
0.0555263
0.0550202
0.0554034
0.0545664
0.0548477
0.054221
0.0550438
0.0558881
0.0561998
0.0551097
0.055575
0.055352
0.0538761
0.0561189
0.0543187
0.0554988
0.0537073
0.0554426
0.0566533
0.0562158
0.0550667
0.0539049
0.0558992
0.055235
0.0563762
0.0553316
0.0554367
0.0566993
0.0560949
0.0557097
0.0541606
0.0559583
0.0550832
0.0555162
0.0553437
0.055103
0.0562945
0.0578141
0.055303
0.0557269
0.0557328
0.0528224
0.0563235
0.0556349
0.0552577
0.0544256
0.0543505
0.0551893
0.0551518
0.0561566
0.0545355
0.0551978
0.0556344
0.054892
0.0542439
0.0541347
0.0573043
0.0554735
0.055368
0.0553935
0.0553962
0.0547541
0.0548669
0.0548508
0.0558339
0.0558582
0.0533695
0.0546823
0.0558177
0.0546482
0.0552614
0.0550727
0.0569024
0.0576037
0.0565603
0.057087
0.0551587
0.0566623
0.0549029
0.0554283
0.0567229
0.0553417
0.0554459
0.0556921
0.0549614
0.0546662
0.0571696
0.0553251
0.0541577
0.0546567
0.0555502
0.0547523
0.05369
0.0570219
0.0554494
0.0544336
0.0560643
0.0559249
0.0541647
0.0557437
0.0549627
0.0550235
0.0534152
0.0540688
0.05473
0.0562029
0.0554107
0.0543058
0.0543044
0.0550304
0.0548659
0.0537327
0.0553172
0.0549526
0.0548567
0.0548014
0.0531776
0.0545463
0.0539275
0.0547333
0.0549552
0.05497
0.0556971
0.0555666
0.0543148
0.0539185
0.0541486
0.0538817
0.0554311
0.0562812
0.0565824
0.054576
0.0538285
0.0551512
0.053269
0.0543193
0.0551459
0.0556552
0.0545384
0.0540502
0.0562044
0.0539857
0.0546639
0.0551375
0.0536627
0.0546406
0.0554997
0.0553022
0.0548405
0.055842
0.0544961
0.056609
0.0550101
0.0548165
0.0559148
0.055699
0.0557235
0.0551858
0.0556083
0.0555136
0.053929
0.0559234
0.055032
0.0546986
0.0547236
0.0563698
0.0552105
0.0556114
0.055446
0.0547163
0.0557214
0.0548615
0.0539469
0.0554854
0.0554804
0.0559377
0.0556761
0.0576257
0.0550368
0.0554365
0.0564665
0.055615
0.0547236
0.0546799
0.0570695
0.0556953
0.0562476
0.054382
0.0559973
0.0548954
0.055201
0.0556004
0.0536153
0.0554226
0.0557174
0.0564532
0.0543702
0.0525752
0.0545692
0.0568419
0.0542371
0.0564386
0.0539631
0.0541115
0.0552997
0.055223
0.0561619
0.0539405
0.0553998
0.054885
0.0546866
0.0555256
0.0557656
0.0559967
0.0558575
0.0559499
0.0547179
0.0550088
0.0559166
0.0552424
0.0555302
0.0563651
0.0554143
0.0553332
0.0552984
0.0554759
0.0548131
0.0560553
0.0555993
0.0556297
0.0561113
0.0552196
0.0547887
0.0537499
0.0548834
0.0563159
0.0548386
0.0552008
0.0549759
0.0530504
0.0554368
0.0561876
0.0546004
0.0549823
0.055994
0.0544403
0.0560602
0.0556265
0.0565499
0.0541119
0.0546895
0.0546387
0.0533283
0.0558824
0.0569946
0.0563986
0.0545941
0.0549991
0.0550486
0.0540333
0.0538967
0.0555229
0.0540268
0.0562504
0.0536825
0.0552235
0.0555522
0.0548223
0.0566356
0.0538295
0.0564845
0.0543774
0.0557876
0.0546808
0.0542922
0.0556529
0.0563407
0.0571501
0.0553532
0.0554278
0.0558651
0.0561119
0.054794
0.0554841
0.0547035
0.0545697
0.0543971
0.0551723
0.0528281
0.0548219
0.0538244
0.0543765
0.0544271
0.0552758
0.0543604
0.0551263
0.0539424
0.0553687
0.0547136
0.0543891
0.054796
0.0555806
0.0526834
0.0550325
0.0560173
0.0540291
0.0554806
0.0551047
0.0543231
0.0554425
0.0546736
0.0544444
0.0561836
0.0568303
0.055944
0.0533086
0.055158
0.0551251
0.0545148
0.0558884
0.0552964
0.0545137
0.0560122
0.0568094
0.054265
0.0564834
0.0555975
0.0555037
0.0544798
0.0547722
0.054621
0.0551679
0.05566
0.0557027
0.0560032
0.0550069
0.0558121
0.0558276
0.0533236
0.0549679
0.0551309
0.055094
0.0561082
0.0559386
0.0544134
0.0540954
0.0552631
0.0547142
0.0562809
0.0552459
0.0545011
0.0526373
0.0560772
0.0565547
0.054695
0.055419
0.0558807
0.0532253
0.0561631
0.0547879
0.0538765
0.0534288
0.0561747
0.0539782
0.0550513
0.0542904
0.0548155
0.0564171
0.056314
0.0541166
0.0543514
0.0548067
0.0554563
0.0554768
0.0548836
0.0557245
0.0557518
0.0540731
0.0571473
0.0544576
0.0552119
0.0540564
0.0537121
0.0547777
0.0557744
0.0541702
0.0543131
0.0534838
0.0546529
0.0574495
0.0556988
0.0548107
0.0554675
0.0552973
0.0547985
0.0541761
0.0568481
0.0541668
0.0569141
0.053496
0.0561164
0.0551515
0.056193
0.0545387
0.0543037
0.0566145
0.0562185
0.0553012
0.0542603
0.056191
0.053138
0.0566787
0.0550522
0.0546408
0.054944
0.0551663
0.0537392
0.0543021
0.0562133
0.0555332
0.0539824
0.0539001
0.0547601
0.0547893
0.0538939
0.0552757
0.0541845
0.0545346
0.055586
0.0543076
0.0539635
0.0551486
0.0572665
0.05457
0.0546919
0.0545582
0.0561274
0.0565132
0.0558415
0.054108
0.0542582
0.0564249
0.0562733
0.0560212
0.0530764
0.0534037
0.0557983
0.055836
0.054906
0.0547153
0.0548819
0.0558549
0.0549944
0.0545184
0.0545416
0.0547648
0.0553169
0.0561002
0.0550733
0.0568576
0.0567101
0.0537271
0.0545295
0.0539194
0.056513
0.0551207
0.0553127
0.0551419
0.0547961
0.0549498
0.0545473
0.0558187
0.054204
0.054909
0.0562906
0.0544244
0.0552338
0.0546067
0.0556777
0.0537175
0.0546208
0.054594
0.0548784
0.0533659
0.0558724
0.0562692
0.0548697
0.053865
0.0545778
0.054922
0.0562858
0.05526
0.0553255
0.0544346
0.0549444
0.0549079
0.055419
0.0567706
0.0541693
0.0562648
0.0539758
0.0549212
0.0577107
0.05531
0.0549738
0.0552378
0.0556029
0.0538231
0.0552182
0.0558255
0.0546351
0.0545595
0.0539374
0.0553211
0.0545415
0.0559127
0.0548558
0.0543656
0.0554443
0.0527892
0.0559256
0.0563066
0.0552223
0.053965
0.0543776
