0.054444
0.0531795
0.0533465
0.0544907
0.0540244
0.0518123
0.0530724
0.0545445
0.0527912
0.0540235
0.0539681
0.0531399
0.0542796
0.054979
0.0538737
0.0550222
0.05312
0.0538193
0.0536887
0.0522563
0.0532661
0.0546082
0.0523292
0.0520681
0.0538664
0.0544048
0.0539459
0.0533714
0.0551973
0.0547852
0.0534283
0.0538733
0.0543778
0.0542298
0.0544007
0.0540065
0.0539016
0.0546876
0.0543634
0.052771
0.0543202
0.0540449
0.0548661
0.0518975
0.0534152
0.0537035
0.053419
0.0551011
0.0515827
0.0535472
0.0546343
0.055081
0.054111
0.052416
0.0552881
0.0536955
0.0511975
0.0542896
0.0536254
0.0542654
0.0527471
0.054422
0.0556306
0.0546887
0.0524996
0.0524648
0.053069
0.0534834
0.0531316
0.0536192
0.0538387
0.0544033
0.0546288
0.054532
0.053519
0.0528098
0.0545975
0.0526893
0.0544553
0.0534057
0.0537074
0.0538793
0.0531551
0.0524817
0.0529423
0.0540636
0.0533598
0.0527765
0.053011
0.0539002
0.052173
0.0559675
0.0532528
0.0556585
0.0530617
0.0535918
0.0528526
0.0519608
0.0541146
0.0532933
0.0536736
0.0552942
0.0542359
0.0556671
0.05406
0.0535505
0.0533643
0.0544738
0.054199
0.0546928
0.0529688
0.0550816
0.0531312
0.0533906
0.0537722
0.0534369
0.0531303
0.0544187
0.0538461
0.0546892
0.0533935
0.053583
0.0552628
0.0534006
0.0526576
0.0545618
0.0538644
0.0539476
0.0532062
0.0540048
0.0530629
0.0520781
0.0533598
0.0544327
0.0535514
0.0553822
0.0529165
0.0522694
0.0533497
0.0535002
0.0540997
0.0538907
0.0533783
0.0533505
0.0545458
0.0532153
0.0539112
0.0547554
0.0543558
0.0528263
0.0537527
0.0538232
0.0553729
0.0537229
0.0534779
0.0533248
0.0532167
0.0516967
0.0535956
0.0549009
0.053471
0.0527688
0.0532351
0.0538185
0.0545961
0.0538348
0.0531337
0.0542061
0.0530287
0.0522224
0.0544401
0.0538128
0.053336
0.0533505
0.0540157
0.0528116
0.0527526
0.0533794
0.0536562
0.0550101
0.0542625
0.0530177
0.0549494
0.053094
0.0540379
0.0529837
0.053648
0.0554831
0.0547621
0.0530173
0.0530416
0.0527585
0.0522247
0.0547076
0.0543331
0.054712
0.0526871
0.0528531
0.0549001
0.0541283
0.0539568
0.0536834
0.0535395
0.0529919
0.0535984
0.0545794
0.053062
0.0538523
0.0552391
0.0552201
0.0521566
0.0517872
0.0532818
0.0551825
0.0537621
0.0510203
0.05447
0.0554067
0.0529641
0.0540884
0.0553223
0.0544638
0.0537037
0.0532192
0.0528006
0.053797
0.0530124
0.0528224
0.0549661
0.055088
0.0542189
0.0552851
0.0533627
0.0531332
0.0536476
0.0543774
0.0545972
0.0547516
0.0534042
0.0525848
0.053986
0.0536897
0.0539349
0.0527091
0.0541556
0.0530656
0.0529745
0.0525768
0.0544369
0.05267
0.0537029
0.0535431
0.055078
0.0524342
0.0508973
0.0543035
0.0546125
0.054631
0.0537059
0.0536912
0.0549833
0.0532249
0.0551353
0.0527583
0.0554318
0.0546661
0.053544
0.0530942
0.0517733
0.0547383
0.0519269
0.0544561
0.0528227
0.0544346
0.0539529
0.052392
0.053897
0.0534184
0.0542454
0.0530258
0.0538134
0.0533436
0.0540516
0.0532713
0.0539305
0.0531359
0.0536628
0.0541277
0.053411
0.0535656
0.0528373
0.0547517
0.0537849
0.0530974
0.0552209
0.0534468
0.0551025
0.0529259
0.0554955
0.0530669
0.0538261
0.0527422
0.0528647
0.0560353
0.0536046
0.0523405
0.053066
0.0530408
0.0532843
0.054163
0.0525619
0.0541418
0.0539465
0.0532583
0.0526731
0.0533926
0.0539174
0.0532293
0.053818
0.0531962
0.053621
0.0527563
0.0541314
0.0538779
0.0522004
0.0528966
0.0534368
0.0524549
0.052938
0.0536667
0.0534483
0.0539225
0.0545469
0.0540931
0.0529515
0.0533085
0.0537034
0.0542585
0.0534782
0.0525881
0.0539249
0.0523763
0.0536506
0.0535335
0.0518185
0.0539905
0.0533056
0.0542155
0.053891
0.0535446
0.0513097
0.0529735
0.0539113
0.0530368
0.0539563
0.0526306
0.053403
0.0540757
0.0538835
0.0530675
0.0533176
0.0545795
0.054349
0.0533472
0.0552444
0.0540836
0.0528208
0.0533319
0.0543655
0.0540473
0.0517248
0.0541715
0.0543594
0.0548937
0.0525981
0.0546612
0.0555177
0.054001
0.0538195
0.0548645
0.0542832
0.0540474
0.0543334
0.0530355
0.0537594
0.0538027
0.0542378
0.0544098
0.0534724
0.0531183
0.0537769
0.0556909
0.0543406
0.0548172
0.0531644
0.0537361
0.0530229
0.053545
0.0552404
0.0543146
0.0540877
0.0536487
0.0540017
0.0546934
0.0533181
0.0537435
0.0537733
0.0543636
0.0525486
0.0524637
0.053781
0.0534197
0.0532626
0.0542017
0.052814
0.0546452
0.0542457
0.0549138
0.0556424
0.0512632
0.0551705
0.0548286
0.0539872
0.0550123
0.0541207
0.0546754
0.0519447
0.0544632
0.0531195
0.0549793
0.0559064
0.0529314
0.0528005
0.0548957
0.054863
0.0534792
0.0545358
0.0524915
0.0541841
0.0547126
0.0531447
0.0543906
0.0540171
0.0545261
0.0554481
0.0522363
0.0524346
0.0538076
0.0529562
0.0544818
0.0552464
0.0527067
0.0542002
0.0528256
0.0534286
0.0529961
0.053305
0.052971
0.0541964
0.0539362
0.0555337
0.0537466
0.054532
0.0534879
0.053083
0.0532323
0.0538416
0.0550166
0.053548
0.0550358
0.0533267
0.0527784
0.0535178
0.0526754
0.0533782
0.0539222
0.0522322
0.0525357
0.0532573
0.053283
0.0536597
0.0552801
0.0525845
0.0556274
0.0558896
0.05319
0.0550986
0.0553476
0.0549855
0.0543175
0.0528181
0.0529989
0.0548933
0.0539473
0.0538852
0.0524849
0.0549547
0.0531061
0.0540923
0.0540637
0.0537426
0.0538913
0.0530197
0.0522902
0.0527292
0.0524853
0.0538993
0.0534649
0.0531088
0.0549463
0.0549182
0.0532079
0.0533182
0.053756
0.0525703
0.053414
0.0547647
0.0550078
0.0530943
0.0537177
0.0526622
0.0521337
0.0552454
0.0531614
0.0539165
0.0532331
0.0544452
0.0535978
0.0525804
0.0530235
0.0533901
0.0544139
0.0544592
0.0520899
0.0540753
0.0551424
0.0541665
0.054168
0.0542955
0.054278
0.0524462
0.0544994
0.0531038
0.0535099
0.0545632
0.0535759
0.0523678
0.0533137
0.0551025
0.0551581
0.0533984
0.0533893
0.0532642
0.0538187
0.0539372
0.053029
0.0533886
0.0521851
0.0544765
0.0526746
0.0520319
0.054336
0.0549122
0.0535863
0.0528136
0.0538685
0.0531502
0.0539838
0.0530711
0.0528411
0.0548997
0.0528261
0.0527166
0.053486
0.0540095
0.0545293
0.0529655
0.0532603
0.0523499
0.0540307
0.0536373
0.0523766
0.0528036
0.0531713
0.053971
0.0543204
0.0543648
0.0523848
0.0519792
0.0522787
0.0538074
0.0539721
0.052926
0.0530049
0.0540277
0.0549121
0.0532334
0.0535332
0.0533373
0.053956
0.0542906
0.0530554
0.0529317
0.0539338
0.0556342
0.0524596
0.0556297
0.0539818
0.0530985
0.0521197
0.051561
0.0536914
0.0538797
0.0538766
0.05284
0.0546451
0.0552271
0.0547607
0.0538026
0.0535543
0.0542135
0.0545157
0.0531591
0.0544485
0.0534926
0.0511356
0.0538714
0.0537921
0.0531073
0.053869
0.052996
0.0546724
0.0528197
0.0522546
0.0546385
0.0535727
0.0539778
0.0538862
0.0557377
0.0536296
0.0537585
0.0549515
0.0527505
0.0523923
0.0529275
0.055123
0.0524892
0.0537188
0.0539129
0.0527254
0.0550097
0.0546324
0.054173
0.0542895
0.0542646
0.0528939
0.054308
0.05301
0.0534194
0.0527059
0.0530838
0.0535252
0.0531488
0.0528386
0.0531587
0.0542355
0.0532748
0.0545276
0.0533748
0.0551397
0.0550993
0.0543186
0.0536988
0.0529738
0.0540719
0.0529906
0.0531326
0.0534376
0.0539136
0.0554485
0.0538316
0.0529881
0.0535514
0.053205
0.0544482
0.0522499
0.054174
0.0533145
0.0521048
0.0532464
0.0536149
0.0544336
0.0535817
0.0538481
0.053244
0.0531608
0.0559952
0.0535093
0.0548069
0.052756
0.0538419
0.0525833
0.0554178
0.0537384
0.0539431
0.053817
0.0552883
0.0547439
0.0534218
0.0535999
0.0554655
0.0541842
0.0534984
0.0529116
0.0533151
0.0533335
0.0523503
0.0533633
0.0546694
0.0546569
0.0524047
0.0537743
0.0530361
0.0525016
0.0517944
0.0541727
0.0544607
0.0542095
0.0539264
0.0540418
0.0527933
0.0539961
0.0551969
0.05383
0.05453
0.0537728
0.0545294
0.0530169
0.0522839
0.053955
0.0538353
0.0526386
0.0535254
0.0544294
0.0539009
0.0538069
0.0524021
0.0536062
0.0539764
0.0528882
0.0528553
0.0554391
0.0515397
0.0537438
0.0530737
0.0545782
0.0533119
0.0536039
0.0546529
0.0528774
0.0535351
0.0541788
0.054219
0.053167
0.0535657
0.0548589
0.0531546
0.0526234
0.0531742
0.0546102
0.0538511
0.0533789
0.0527159
0.0524997
0.0528825
0.052328
0.0538563
0.0549286
0.0538898
0.0547897
0.0544788
0.052583
0.0541484
0.0535308
0.0532289
0.0551953
0.0550527
0.0548765
0.0530703
0.0534185
0.053798
0.0537869
0.0538311
0.0537204
0.0549808
0.053537
0.0547135
0.0528938
0.0543069
0.0538798
0.053983
0.0529752
0.0540043
0.0530922
0.0536048
0.0532248
0.0531875
0.052454
0.053318
0.0540617
0.0542997
0.0529853
0.0530684
0.0556988
0.0537391
0.0531332
0.0537912
0.0533327
0.055001
0.0535754
0.0554724
0.0545567
0.0536959
0.0537285
0.0532511
0.0541475
0.0544837
0.0538657
0.0545217
0.0537567
0.0540378
0.0541322
0.05396
0.0545379
0.0551624
0.0538699
0.0546031
0.0529765
0.0551946
0.0542699
0.0541008
0.0523628
0.0544194
0.0535569
0.0534013
0.0543391
0.0518537
0.0541573
0.0520456
0.0544937
0.0552759
0.0538574
0.0530556
0.0543758
0.0548169
0.0528782
0.0542123
0.0527502
0.0539438
0.0531506
0.0534174
0.0523955
0.0536953
0.0536808
0.0538557
0.0538151
0.0541943
0.0526075
0.055891
0.0531467
0.0535179
0.0548732
0.0546114
0.0531665
0.0540189
0.0529113
0.0521995
0.0549228
0.0529572
0.0528911
0.0520312
0.0543368
0.0525742
0.0531537
0.0535921
0.0553139
0.054025
0.0535764
0.0535033
0.0527211
0.0517031
0.0558044
0.0555949
0.054239
0.0536021
0.0522731
0.0536435
0.0534933
0.0520806
0.0525371
0.0542205
0.0542938
0.0537864
0.0512397
0.0533977
0.0548286
0.0544458
0.0535105
0.0533721
0.0533166
0.0526489
0.0538483
0.0542572
0.0523353
0.0529999
0.0553232
0.0556195
0.0535913
0.0527631
0.0526517
0.0536398
0.055186
0.0520017
0.0549593
0.0533749
0.0528742
0.051814
0.0514853
0.0540725
0.0542488
0.0540221
0.0532087
0.0542245
0.0535625
0.0554254
0.0540954
0.053531
0.053524
0.0535783
0.0533116
0.0528278
0.0531637
0.0543667
0.0525204
0.0534052
0.0546071
0.0519669
0.053871
0.0533153
0.0518086
0.0525959
0.0550746
0.0531507
0.0545653
0.0546085
0.053482
0.0522482
0.0531477
0.0540562
0.0541107
0.0523892
0.0545048
0.0541469
0.0526766
0.0530952
0.0521875
0.0525464
0.0540045
0.0548763
0.0545409
0.0542447
0.0525009
0.0533515
0.0529315
0.0527343
0.05622
0.0541237
0.0549634
0.0535906
0.0546535
0.0539214
0.0536559
0.0557902
0.0530927
0.0537996
0.0548598
0.0543772
0.0544445
0.0543021
0.0537926
0.0529083
0.0555704
0.0527662
0.0530972
0.0533046
0.0527713
0.0528151
0.0529632
0.0537184
0.0529012
