0.0550062
0.0522558
0.0544436
0.0536799
0.0549636
0.054446
0.0533732
0.0552311
0.0539275
0.0533636
0.0540823
0.0528637
0.0530312
0.0537509
0.0533659
0.0552083
0.0526473
0.0542203
0.0543885
0.0546265
0.0551474
0.0523888
0.0530957
0.0547502
0.0535081
0.053057
0.0543052
0.0535235
0.0531992
0.0534642
0.0534161
0.0544687
0.0541818
0.0545285
0.0545955
0.0528501
0.054181
0.0537142
0.0533595
0.0536863
0.0526048
0.0531567
0.0545333
0.0536907
0.0546346
0.0539176
0.054342
0.0544821
0.0542407
0.0551416
0.0538335
0.0548158
0.0519708
0.0540753
0.0545961
0.0544195
0.0523624
0.0537225
0.0546424
0.0541642
0.054284
0.0510422
0.0540985
0.0539667
0.0542994
0.0536108
0.0536931
0.0554881
0.0539864
0.0544488
0.0544644
0.0539158
0.0535435
0.0537807
0.0539071
0.0548142
0.0538028
0.0555483
0.0533965
0.0526658
0.0529768
0.0523052
0.0541233
0.0521396
0.0538603
0.0540375
0.054226
0.055759
0.0543538
0.054677
0.0539014
0.0538748
0.0541286
0.0562341
0.0536589
0.0550661
0.0547626
0.0547319
0.0539659
0.0527153
0.0546652
0.0546694
0.0545003
0.0532582
0.0546583
0.0545178
0.0540932
0.0536485
0.0544542
0.0529871
0.0554932
0.0538712
0.053527
0.0544426
0.0548212
0.0549402
0.0532155
0.0550062
0.0542768
0.0540052
0.0536391
0.0555518
0.0535058
0.0550536
0.0538084
0.0536562
0.055106
0.053939
0.0536805
0.054672
0.0553281
0.052854
0.0552775
0.053624
0.0533128
0.0526032
0.0533048
0.0525755
0.0518652
0.0533866
0.0539055
0.0536982
0.054909
0.0538399
0.0550977
0.0549902
0.0533932
0.0531528
0.0540122
0.0545968
0.0537019
0.0539095
0.0527163
0.0539856
0.0533337
0.0530854
0.0555078
0.0540613
0.0545733
0.0545965
0.0526224
0.0543112
0.0544513
0.0530988
0.0544308
0.0540032
0.0529304
0.0531261
0.0536304
0.0537826
0.051762
0.0547385
0.0538198
0.0542384
0.0549357
0.0541335
0.0545622
0.0537544
0.0549158
0.0537621
0.0550911
0.0543984
0.0540041
0.0546075
0.0544048
0.0550343
0.0529384
0.0532398
0.0545623
0.0533697
0.0554661
0.0547092
0.0543182
0.0551276
0.0544937
0.0539529
0.0541483
0.0550411
0.0545742
0.0552631
0.0548401
0.0533976
0.0550713
0.0530291
0.0552993
0.0542488
0.0540816
0.0544282
0.0544032
0.0530746
0.0538208
0.0540147
0.0537341
0.0545599
0.0543303
0.0546715
0.0548939
0.0535193
0.0546002
0.053356
0.0537185
0.0541193
0.0533394
0.054807
0.0547605
0.0528013
0.0535845
0.0538415
0.0526703
0.0560276
0.054399
0.0532037
0.0519277
0.0533879
0.0541193
0.0543408
0.053744
0.0517164
0.053116
0.0541707
0.0535006
0.0531145
0.0528732
0.0539179
0.0539356
0.0548858
0.0550184
0.055161
0.0540909
0.0530178
0.0540338
0.0540705
0.0535961
0.0536332
0.0533563
0.0545151
0.0546968
0.0545085
0.0546412
0.0556467
0.0537781
0.0534702
0.0548662
0.0537783
0.0539425
0.0538496
0.0554405
0.05447
0.0533981
0.0547801
0.0535894
0.0546289
0.0539782
0.0547318
0.0538028
0.0541466
0.0538558
0.0539684
0.0535527
0.0537873
0.0546194
0.0544989
0.0538686
0.0525604
0.0534795
0.0542495
0.0547421
0.0549982
0.0540467
0.0534209
0.0540991
0.0549969
0.0533751
0.0545147
0.0538718
0.0539606
0.0535345
0.0535436
0.0539207
0.0552625
0.0546771
0.0528695
0.0540894
0.0542546
0.0546502
0.0544401
0.0539709
0.05277
0.0536401
0.0523874
0.0546839
0.054096
0.0537074
0.0544642
0.0543635
0.0541246
0.053945
0.053651
0.0540294
0.0534283
0.0531077
0.0537972
0.0537141
0.0543963
0.0548732
0.0531853
0.0526564
0.0532893
0.0544846
0.0534542
0.0531711
0.0537972
0.0545272
0.0539487
0.0538221
0.0542825
0.0549386
0.0544099
0.0538792
0.0552937
0.0545758
0.0537622
0.054744
0.0535765
0.0546288
0.0550754
0.0529674
0.0541535
0.05428
0.0543488
0.0543993
0.0553926
0.0534258
0.0529293
0.0545541
0.0524406
0.0526939
0.0546676
0.0548296
0.0548192
0.0534354
0.0528879
0.0529158
0.0560051
0.0535871
0.0543148
0.0538922
0.05408
0.0537386
0.0522087
0.0548852
0.0543162
0.054955
0.055436
0.0552705
0.0541445
0.0553921
0.0539205
0.0541152
0.0551251
0.0550688
0.0537904
0.0540836
0.0552698
0.0527182
0.0538298
0.0531354
0.0543051
0.0544802
0.0530539
0.0548718
0.0528152
0.0533668
0.0529732
0.0538769
0.0552497
0.0531957
0.0526356
0.05338
0.0539693
0.0537303
0.0522105
0.054591
0.0529922
0.0543555
0.0530743
0.0545755
0.0540644
0.0532948
0.0536155
0.0542069
0.053841
0.0522579
0.0524183
0.052623
0.0555466
0.053493
0.0538321
0.056366
0.0530058
0.0538124
0.0547012
0.0537349
0.0534127
0.0560187
0.0539309
0.0534565
0.0538872
0.0540969
0.0537651
0.0548588
0.0526366
0.0548258
0.0530446
0.0532177
0.0544945
0.0547367
0.0542484
0.0534557
0.0558089
0.0549502
0.0539963
0.053813
0.0517704
0.0530654
0.0529176
0.0533696
0.0528076
0.0529402
0.0543947
0.0551921
0.053845
0.0551018
0.0543633
0.0539827
0.0541543
0.0525405
0.0555012
0.053806
0.0554237
0.0551502
0.0529377
0.0534576
0.0525319
0.0535562
0.0547074
0.0546507
0.0535868
0.0537168
0.0530526
0.0540498
0.0539379
0.0538818
0.0547135
0.0543367
0.0527372
0.0541124
0.0522625
0.0532219
0.0525906
0.0537962
0.0521546
0.0537754
0.0534328
0.0562751
0.0551197
0.0543758
0.0547753
0.0533011
0.0545236
0.053959
0.053366
0.0539904
0.0548352
0.0540011
0.0540451
0.0527169
0.0550269
0.0550143
0.0548908
